coppia 1 1 
0.0185311 0.0169383 0.0169155 0.0164987 0.0163103 0.0162875 0.0162361 0.0159678 0.015865 0.0157737 
coppia 1 2 
0.0169805 0.0168348 0.0166779 0.0164369 0.0164985 0.0161679 0.0163248 0.0160558 0.0158541 0.0158317 
coppia 1 3 
0.0177289 0.017647 0.0173133 0.0172958 0.0168275 0.0165641 0.0169095 0.0166402 0.0165349 0.0164061 
coppia 1 4 
0.017419 0.0172314 0.0170625 0.0169124 0.0166184 0.0163557 0.0161618 0.0157553 0.0155864 0.0157615 
coppia 1 5 
0.0168962 0.0167955 0.0164879 0.0168402 0.0164991 0.0165326 0.0162026 0.0160013 0.0157944 0.015593 
coppia 1 6 
0.0174589 0.0170659 0.0171399 0.0166387 0.0165418 0.0165931 0.0163026 0.0161032 0.015995 0.0158412 
coppia 1 7 
0.0162968 0.0162203 0.016062 0.0159255 0.0157945 0.0158655 0.0157836 0.0156307 0.015456 0.0152649 
coppia 1 8 
0.0172612 0.0168788 0.017106 0.0166849 0.0168179 0.0164355 0.016563 0.0163801 0.0163856 0.0160088 
coppia 1 9 
0.0170959 0.0171363 0.016738 0.0168708 0.0165245 0.0163744 0.016334 0.0159473 0.0159242 0.0158492 
coppia 1 10 
0.0169707 0.0167909 0.0165622 0.0163988 0.0163498 0.0159304 0.0160502 0.015974 0.0157943 0.0155655 
coppia 2 1 
0.0171087 0.0170689 0.0169094 0.0166873 0.0166075 0.0164367 0.0164538 0.0161804 0.0159412 0.0157077 
coppia 2 2 
0.0184488 0.0165844 0.0169752 0.0165509 0.0163109 0.0165119 0.0164114 0.0160932 0.0162216 0.0153843 
coppia 2 3 
0.0178603 0.0176676 0.017399 0.0174341 0.0171713 0.0169086 0.0168852 0.0168035 0.0164532 0.0163773 
coppia 2 4 
0.0174299 0.0172428 0.0169185 0.016906 0.0167314 0.016351 0.0161951 0.0160579 0.0157711 0.0160704 
coppia 2 5 
0.0170532 0.0167911 0.0170588 0.0167075 0.0165959 0.0164342 0.016161 0.0158877 0.0159714 0.0158431 
coppia 2 6 
0.0172191 0.0171339 0.0169693 0.0171169 0.0165889 0.016674 0.0166627 0.016305 0.0160893 0.0161063 
coppia 2 7 
0.0163745 0.0163528 0.016206 0.0161951 0.0161407 0.0162005 0.0159721 0.0158144 0.0154664 0.0154718 
coppia 2 8 
0.0174735 0.0173463 0.0172081 0.0170036 0.0168599 0.0167327 0.0165006 0.0165945 0.0162186 0.0159588 
coppia 2 9 
0.0172904 0.0172559 0.0168761 0.0169049 0.0167668 0.0165596 0.0162317 0.01641 0.0159555 0.0158922 
coppia 2 10 
0.0171044 0.0168872 0.0168546 0.0165614 0.0163605 0.0162465 0.016241 0.0159695 0.0159207 0.0158555 
coppia 3 1 
0.0164137 0.0161337 0.0160206 0.0160153 0.0158699 0.0153475 0.0153637 0.0153367 0.0150405 0.0151806 
coppia 3 2 
0.0160777 0.015877 0.0160038 0.0157132 0.0158241 0.0156392 0.0153063 0.015206 0.0152482 0.0148625 
coppia 3 3 
0.0186517 0.016814 0.0166435 0.0167315 0.0161868 0.0162748 0.0161758 0.0158622 0.0157136 0.0156201 
coppia 3 4 
0.0165889 0.0166007 0.0163592 0.0160941 0.0159173 0.0154225 0.0152811 0.0149394 0.0149218 0.0151338 
coppia 3 5 
0.0161566 0.0159616 0.0160143 0.0157772 0.0157666 0.0156138 0.0154821 0.0152607 0.0151448 0.0149024 
coppia 3 6 
0.0166478 0.0163742 0.0160898 0.0161006 0.0157304 0.0156767 0.0155319 0.0154621 0.0156392 0.0154085 
coppia 3 7 
0.0156922 0.0154963 0.0151509 0.0153571 0.0149447 0.0150787 0.0149292 0.0148416 0.0148519 0.0145581 
coppia 3 8 
0.0166124 0.0161847 0.0163099 0.0162265 0.0157414 0.0156788 0.0158718 0.0158509 0.0155588 0.0156527 
coppia 3 9 
0.0167689 0.0162418 0.0161929 0.0162147 0.016269 0.0155898 0.0153941 0.0154159 0.0151116 0.0151985 
coppia 3 10 
0.0164193 0.0161111 0.01569 0.0157824 0.015387 0.014971 0.0152535 0.0154794 0.015048 0.0148272 
coppia 4 1 
0.0168642 0.0169601 0.0164867 0.0164148 0.016181 0.016247 0.0162649 0.016247 0.0157555 0.0155877 
coppia 4 2 
0.0165625 0.0163921 0.0165332 0.0164332 0.0161276 0.0161981 0.0159748 0.016063 0.0157632 0.0154693 
coppia 4 3 
0.0174007 0.0173578 0.0173149 0.0170698 0.0168186 0.0167757 0.0165184 0.0165061 0.0162366 0.0159608 
coppia 4 4 
0.0192649 0.0170974 0.0167831 0.0165277 0.0160956 0.0159842 0.0160235 0.0153163 0.0156372 0.0154735 
coppia 4 5 
0.0167459 0.0163178 0.0163295 0.0164233 0.0163295 0.0162532 0.0163823 0.0159658 0.0155963 0.0153089 
coppia 4 6 
0.0168409 0.0171694 0.0167872 0.0165543 0.0161601 0.0161601 0.0159452 0.0160825 0.0160347 0.0157541 
coppia 4 7 
0.0157222 0.0159115 0.0159574 0.0157279 0.0155156 0.0154009 0.015596 0.0154812 0.0154181 0.0151541 
coppia 4 8 
0.0168295 0.0166088 0.0165798 0.0164462 0.0167482 0.0167772 0.0164578 0.0161094 0.0161674 0.0158945 
coppia 4 9 
0.0172435 0.0169895 0.016784 0.0163245 0.0163728 0.0163003 0.0161733 0.0156896 0.0155868 0.0155989 
coppia 4 10 
0.0165437 0.0164236 0.016355 0.0162578 0.0161721 0.0158748 0.0156748 0.0155433 0.0157148 0.0157319 
coppia 5 1 
0.0167893 0.0171692 0.0171022 0.0165491 0.016644 0.0163926 0.0162474 0.0163367 0.0162474 0.0161747 
coppia 5 2 
0.0169452 0.016863 0.0167151 0.016863 0.0163151 0.0165397 0.0163151 0.0158933 0.0160302 0.015592 
coppia 5 3 
0.0177313 0.0176226 0.017262 0.0176455 0.0172563 0.0170445 0.0167812 0.016455 0.0163119 0.0165351 
coppia 5 4 
0.0174221 0.017306 0.0171776 0.0171104 0.0166949 0.0165482 0.0161632 0.0162182 0.015821 0.0156988 
coppia 5 5 
0.0187249 0.0169492 0.0165831 0.0166486 0.0162935 0.0166049 0.0160804 0.0160094 0.0158072 0.0158072 
coppia 5 6 
0.0171007 0.0170895 0.0169448 0.0169671 0.0170506 0.0166776 0.0164271 0.0161933 0.0162212 0.0159818 
coppia 5 7 
0.0163626 0.0164854 0.0162506 0.0160531 0.0160158 0.0158503 0.0157863 0.0156315 0.0155354 0.0153487 
coppia 5 8 
0.0172843 0.0173277 0.0171218 0.0170514 0.0168998 0.0167643 0.0167427 0.0165964 0.0161252 0.0160331 
coppia 5 9 
0.0170719 0.0171622 0.0171058 0.0167109 0.0165529 0.0164288 0.0162257 0.0162426 0.0161693 0.0156784 
coppia 5 10 
0.0170173 0.0168043 0.0169055 0.0166392 0.0165913 0.0161068 0.0160216 0.0156755 0.0157713 0.0156382 
coppia 6 1 
0.0169321 0.0167391 0.0164358 0.0167115 0.0162648 0.0162372 0.0161655 0.0156691 0.0158236 0.0153547 
coppia 6 2 
0.0164676 0.0164676 0.0166678 0.0164189 0.0163431 0.016105 0.01617 0.0158669 0.0154502 0.0157424 
coppia 6 3 
0.0174934 0.0173917 0.0172055 0.0173014 0.0169119 0.0169006 0.0162966 0.0164039 0.0163587 0.0161781 
coppia 6 4 
0.0173623 0.0170605 0.0170062 0.0165114 0.0163303 0.0163122 0.0160588 0.0157329 0.0156303 0.0155699 
coppia 6 5 
0.0166798 0.0163234 0.016156 0.0164962 0.0164098 0.0160804 0.016048 0.0157564 0.0155189 0.0155891 
coppia 6 6 
0.018706 0.0171572 0.0165695 0.0165476 0.0162565 0.016284 0.0157348 0.0158281 0.0157183 0.0158666 
coppia 6 7 
0.0160392 0.0158914 0.0161184 0.0155218 0.015601 0.015506 0.0154109 0.0154162 0.0154109 0.0152631 
coppia 6 8 
0.0170627 0.0168059 0.0167578 0.0167257 0.0164796 0.0163192 0.0161213 0.016025 0.0159501 0.0160036 
coppia 6 9 
0.016983 0.0167045 0.0167435 0.016699 0.0166433 0.0164706 0.0160361 0.0159414 0.0156072 0.0156128 
coppia 6 10 
0.016804 0.0168724 0.0162884 0.0162673 0.0158307 0.0157202 0.0157044 0.0157781 0.015394 0.0151573 
coppia 7 1 
0.0177519 0.0177519 0.0173596 0.0172228 0.0172466 0.0167532 0.0168721 0.0167353 0.0165867 0.0165451 
coppia 7 2 
0.0175964 0.0174272 0.0172055 0.0175264 0.0170654 0.0169779 0.0167212 0.0166512 0.0164703 0.0161961 
coppia 7 3 
0.0185583 0.018247 0.0182287 0.0180028 0.0176975 0.0177464 0.0173191 0.0169833 0.0170871 0.017026 
coppia 7 4 
0.0178502 0.0178371 0.017772 0.0177981 0.0173683 0.0168342 0.0170817 0.0164956 0.01645 0.0163784 
coppia 7 5 
0.017938 0.017635 0.017268 0.017233 0.0171864 0.0170233 0.0167728 0.0165106 0.0162659 0.0163941 
coppia 7 6 
0.0182413 0.0179805 0.0176724 0.0175183 0.0171627 0.0171271 0.0170501 0.0167301 0.0168664 0.0167004 
coppia 7 7 
0.018662 0.0170077 0.0168718 0.0165602 0.0165205 0.0165375 0.0162542 0.0160446 0.0163505 0.0162259 
coppia 7 8 
0.0177209 0.0178771 0.0177036 0.0176342 0.0171657 0.0173334 0.0168707 0.0171715 0.0170616 0.0165989 
coppia 7 9 
0.0176465 0.0176404 0.0178268 0.0174902 0.0173159 0.0171656 0.0169733 0.0168351 0.0166307 0.0165045 
coppia 7 10 
0.0177451 0.0175296 0.0173425 0.0172064 0.0167357 0.0168321 0.0165202 0.0165315 0.0163273 0.0163614 
coppia 8 1 
0.0166504 0.0167204 0.0164729 0.016446 0.0164514 0.0159941 0.0161125 0.0158596 0.0156713 0.0156982 
coppia 8 2 
0.016498 0.0165719 0.016498 0.0162975 0.0161181 0.0163767 0.0158227 0.015791 0.0156855 0.0158227 
coppia 8 3 
0.0177779 0.017326 0.0170891 0.0170946 0.017045 0.0166207 0.0165655 0.0164112 0.0164388 0.0162129 
coppia 8 4 
0.0170324 0.0167499 0.0167558 0.0167441 0.0165381 0.0160202 0.0160672 0.0156788 0.0158789 0.0158436 
coppia 8 5 
0.0167298 0.0166455 0.0165507 0.0162348 0.0162453 0.0161611 0.0159399 0.0159136 0.015645 0.0154502 
coppia 8 6 
0.0171486 0.0167842 0.016736 0.0165538 0.0161572 0.0163448 0.0164412 0.0161947 0.0159375 0.0157124 
coppia 8 7 
0.016057 0.01617 0.0159132 0.0157899 0.0157848 0.0158053 0.0155639 0.015266 0.0151941 0.0151735 
coppia 8 8 
0.0185745 0.0168442 0.0167452 0.0164585 0.0165159 0.0161667 0.016323 0.0161875 0.0159113 0.0161771 
coppia 8 9 
0.0170605 0.0169791 0.0163058 0.0165718 0.0165664 0.0162678 0.0159528 0.0162569 0.0161592 0.0155782 
coppia 8 10 
0.0165673 0.0169057 0.0162494 0.0163878 0.0162955 0.0158545 0.0155264 0.0156494 0.015711 0.0153777 
coppia 9 1 
0.0169813 0.0165133 0.0163329 0.0165697 0.0161299 0.0161299 0.0161299 0.0159101 0.015538 0.0154985 
coppia 9 2 
0.0167191 0.0168242 0.0162214 0.0165366 0.0161826 0.0160776 0.0159725 0.0158342 0.015707 0.0154305 
coppia 9 3 
0.0175032 0.0175148 0.0171972 0.0174166 0.0170182 0.0164118 0.0165331 0.0164753 0.0158863 0.0160711 
coppia 9 4 
0.0172718 0.0170496 0.016636 0.0164385 0.0162595 0.0159385 0.0160372 0.0155064 0.0158088 0.0153644 
coppia 9 5 
0.016646 0.0167288 0.0163866 0.0162707 0.0162155 0.0161106 0.0159671 0.0156856 0.0153269 0.0153214 
coppia 9 6 
0.0171105 0.0169307 0.0167958 0.0164699 0.0160372 0.0165542 0.0161777 0.0159473 0.0159024 0.0156045 
coppia 9 7 
0.0161874 0.0161227 0.0160688 0.0159017 0.0155836 0.0155621 0.0154381 0.0152441 0.0152494 0.0151147 
coppia 9 8 
0.0170277 0.0167322 0.0165188 0.0167049 0.0164039 0.0165134 0.0164039 0.0160702 0.0159662 0.0157692 
coppia 9 9 
0.0185904 0.0165994 0.0166562 0.0164173 0.016497 0.0161841 0.0161101 0.0161556 0.0153934 0.0155697 
coppia 9 10 
0.0167737 0.0166177 0.0165962 0.0162951 0.0160907 0.0155045 0.0154507 0.0157465 0.015483 0.01544 
coppia 10 1 
0.0170301 0.0172068 0.0168424 0.0165386 0.0165442 0.0164448 0.0164061 0.0162018 0.0161355 0.015876 
coppia 10 2 
0.016972 0.0168583 0.0166254 0.0167446 0.0165713 0.0165225 0.0162247 0.0160893 0.0160839 0.0157319 
coppia 10 3 
0.0177203 0.0175506 0.0178278 0.0172395 0.0172282 0.0171717 0.0171773 0.0166852 0.0167475 0.016261 
coppia 10 4 
0.0176029 0.0173311 0.0172223 0.0169686 0.016588 0.0165457 0.0161531 0.0160866 0.0160987 0.0155792 
coppia 10 5 
0.0169547 0.0169331 0.0168791 0.0168953 0.0164035 0.016371 0.0162521 0.0161062 0.0160846 0.0157873 
coppia 10 6 
0.0173103 0.0171672 0.0173488 0.0168756 0.0168976 0.0164794 0.0164574 0.0161713 0.0162703 0.0158411 
coppia 10 7 
0.0165556 0.0165609 0.0164923 0.0161022 0.0160283 0.0159598 0.0158385 0.0155433 0.0155327 0.0153376 
coppia 10 8 
0.0173955 0.0170634 0.0173634 0.0168384 0.0167527 0.0166026 0.0165973 0.0164526 0.0166616 0.0164526 
coppia 10 9 
0.0170896 0.0170506 0.0174185 0.0171509 0.0167998 0.0164319 0.0160808 0.0161309 0.0159637 0.0162034 
coppia 10 10 
0.0187489 0.0168241 0.0167189 0.0162351 0.0161667 0.0160668 0.0163508 0.0158406 0.0155829 0.0155934 
