coppia 1 1
0.0185819126891 0.0169847612287 0.0169618629999 0.0165439703239 0.0163550599361 0.0163321617073 0.0162806406924 0.0160115865038 0.0159085444741 0.0158169515588 
coppia 1 2
0.0170271591618 0.0168810515254 0.0167237048401 0.0164820652876 0.0165438800569 0.0162123281128 0.0163696747981 0.0160999376233 0.0158976347421 0.0158751566442 
coppia 1 3
0.0177747784754 0.0176926236723 0.0173581362596 0.0173405316589 0.0168710756411 0.0166070066311 0.0169532304442 0.016683293234 0.01657766563 0.016448565225 
coppia 1 4
0.0174673858505 0.0172792272955 0.0171098845961 0.0169593577521 0.0166645760161 0.0164011540391 0.0162067235324 0.0157990466633 0.0156297039639 0.0158053186152 
coppia 1 5
0.0169404085661 0.016839472666 0.0165310574157 0.016884333066 0.0165422725157 0.0165759178157 0.0162450723654 0.0160432005652 0.015835721215 0.0156338494149 
coppia 1 6
0.017506682812 0.0171125682561 0.0171868217231 0.0166841828692 0.0165870821815 0.0166384884279 0.0163471863648 0.0161472731842 0.0160387488862 0.0158845301469 
coppia 1 7
0.0163409426835 0.0162643017463 0.0161055455192 0.0159686867028 0.015837302239 0.0159084688236 0.0158263535337 0.0156730716593 0.0154978923742 0.0153062900312 
coppia 1 8
0.017304690321 0.0169213761534 0.0171491425429 0.0167269414307 0.0168602680977 0.0164769539301 0.0166047253193 0.0164214011522 0.01642695643 0.0160491975401 
coppia 1 9
0.0171407077342 0.0171812158213 0.0167819218194 0.01691501982 0.0165678076445 0.016417349035 0.0163768409479 0.0159891206852 0.0159659732068 0.0158907439021 
coppia 1 10
0.0170180229383 0.0168377935554 0.0166084107045 0.016444565811 0.016395412343 0.0159748771163 0.0160950300382 0.0160185690879 0.0158383397051 0.0156089568542 
coppia 2 1
0.0171560088864 0.0171160315022 0.0169561219653 0.0167333908246 0.0166534360562 0.0164821044095 0.0164992375742 0.0162251069395 0.0159852426342 0.0157510893837 
coppia 2 2
0.0184973751077 0.0166280488487 0.0170198238132 0.0165944681375 0.0163538063736 0.0165552906411 0.0164545485073 0.0161355317506 0.0162642578103 0.0154247400293 
coppia 2 3
0.0179065860412 0.017713412671 0.0174441407005 0.0174792631314 0.0172158448993 0.0169524266673 0.0169290117133 0.0168470593745 0.0164958350651 0.0164197364647 
coppia 2 4
0.017477598034 0.0172900030641 0.0169648384495 0.0169523321181 0.0167772434795 0.0163958003739 0.0162394712323 0.0161019015877 0.0158142559671 0.016114407919 
coppia 2 5
0.017097553339 0.0168347721072 0.017103144429 0.0167509057566 0.0166390839558 0.0164769423447 0.0162029789328 0.0159290155209 0.0160128818714 0.0158842868006 
coppia 2 6
0.0172670963041 0.0171817001799 0.0170166010065 0.0171646209551 0.0166351649853 0.0167205611095 0.0167091749596 0.0163505112381 0.0161341743903 0.0161512536151 
coppia 2 7
0.0164184720079 0.0163966606867 0.0162494342689 0.0162385286083 0.0161840003054 0.0162439814386 0.0160149625663 0.0158568304879 0.0155078493492 0.0155133021795 
coppia 2 8
0.0175153765169 0.0173879315122 0.0172494043331 0.0170443841082 0.016900315842 0.0167728708373 0.0165401451765 0.0166343436582 0.0162575497313 0.0159971186347 
coppia 2 9
0.0173351716499 0.0173005589944 0.0169198197834 0.0169486636631 0.0168102130409 0.0166025371077 0.01627371688 0.0164525489336 0.0159968156357 0.0159333591005 
coppia 2 10
0.0171506974617 0.0169329108273 0.0169002428321 0.0166062308756 0.0164047782388 0.0162904402557 0.0162849955898 0.0160127622968 0.015963760304 0.0158984243137 
coppia 3 1
0.016465796198 0.0161848836644 0.0160714382182 0.016066036054 0.0159201776232 0.0153961677048 0.0154123741971 0.0153853633766 0.0150882443507 0.0152287006175 
coppia 3 2
0.0161268952944 0.0159255078409 0.0160526999168 0.0157612180761 0.0158725111426 0.0156870226985 0.0153531434992 0.0152524497724 0.015294847131 0.0149079712334 
coppia 3 3
0.0187031387067 0.0168604105863 0.0166893789344 0.0167776533354 0.0162314554794 0.0163197298803 0.0162204211792 0.0159059436258 0.0157569805741 0.0156631890231 
coppia 3 4
0.0166402722954 0.0166520906706 0.0164098139788 0.0161439005366 0.0159666249084 0.0154702531496 0.0153284326471 0.014985699766 0.0149679722032 0.015180702957 
coppia 3 5
0.0162034467997 0.0160079061828 0.0160607549982 0.0158229353289 0.0158123655658 0.0156591040012 0.0155269819627 0.015305016938 0.0151887495442 0.0149456449934 
coppia 3 6
0.0166985965214 0.0164241432754 0.0161389271569 0.0161496900293 0.0157783709316 0.0157245565697 0.0155792577923 0.0155092991217 0.0156868865163 0.0154554847598 
coppia 3 7
0.0157392374433 0.0155427555041 0.0151963268219 0.0154031499157 0.014989503728 0.015123938739 0.0149739919959 0.0148860921811 0.0148964333357 0.014601710427 
coppia 3 8
0.0166582982908 0.0162294190255 0.0163549446641 0.016271260905 0.0157848490554 0.0157220862361 0.015915604929 0.0158946839892 0.0156017908324 0.0156959350614 
coppia 3 9
0.0168165222604 0.0162879407117 0.0162388970628 0.0162606942401 0.0163151871833 0.0156340253937 0.0154378507983 0.0154596479756 0.0151544874939 0.0152416762029 
coppia 3 10
0.0164683459537 0.0161592747128 0.0157368773502 0.0158295987225 0.0154329572967 0.0150157111214 0.0152990264256 0.0155256786689 0.0150929789316 0.0148714778757 
coppia 4 1
0.0169152255063 0.01701140305 0.0165365264278 0.01646439327 0.0162299605071 0.0162960825684 0.0163141158579 0.0162960825684 0.0158031726567 0.0156348619552 
coppia 4 2
0.0166118440444 0.0164408917813 0.0165823695163 0.0164821561207 0.0161756210283 0.0162463598958 0.0160223534821 0.0161107770665 0.0158101368797 0.0155153915986 
coppia 4 3
0.0174491118771 0.0174061035027 0.0173630951284 0.0171173329893 0.0168654267967 0.0168224184223 0.0165643681763 0.0165520800693 0.0162817417163 0.0160052593098 
coppia 4 4
0.0193236080368 0.017149537928 0.0168342649213 0.0165781056033 0.0161446052191 0.0160329460292 0.016072355155 0.0153629908899 0.0156848320843 0.0155206273933 
coppia 4 5
0.0167978724656 0.0163683646933 0.0163801320295 0.0164742707193 0.0163801320295 0.016303644344 0.0164330850425 0.0160153446064 0.0156446735153 0.0153563737777 
coppia 4 6
0.0168926002025 0.0172220658093 0.0168386876486 0.016605066582 0.0162097078539 0.0162097078539 0.0159940576385 0.016131834165 0.0160839118949 0.0158023685582 
coppia 4 7
0.0157708733841 0.0159608145599 0.0160068609055 0.0157766291773 0.0155636648287 0.0154485489645 0.0156442459335 0.0155291300694 0.0154658163442 0.0152010498567 
coppia 4 8
0.0168747379699 0.0166534681138 0.0166243536591 0.0164904271673 0.0167932174966 0.0168223319514 0.0165020729492 0.0161526994922 0.0162109284017 0.0159372525271 
coppia 4 9
0.0172906120222 0.0170359816909 0.016829852375 0.0163690927279 0.0164175937434 0.0163448422201 0.0162175270545 0.0157325168996 0.0156294522417 0.0156415774955 
coppia 4 10
0.016592990121 0.0164725848714 0.0164037818716 0.0163063109552 0.0162203072054 0.0159221608729 0.0157214854568 0.0155896130405 0.01576162054 0.0157788212899 
coppia 5 1
0.0168397339266 0.0172207994531 0.0171535525954 0.0165987660202 0.0166940324018 0.0164418566857 0.0162961551609 0.0163858176377 0.0162961551609 0.0162233043985 
coppia 5 2
0.016995532697 0.016913110133 0.0167647495178 0.016913110133 0.016363626373 0.0165889147146 0.016363626373 0.0159405238778 0.0160778948178 0.0156383078098 
coppia 5 3
0.0177819104361 0.0176728541746 0.0173112465705 0.0176958133875 0.0173055067672 0.0170931340474 0.0168291030983 0.0165019343137 0.0163584392327 0.016582291559 
coppia 5 4
0.0174769660821 0.0173604938423 0.0172317613668 0.0171643300701 0.0167474820541 0.0166003592249 0.0162141617983 0.0162693328593 0.0158708751969 0.0157482728393 
coppia 5 5
0.0187770533121 0.0169963289683 0.0166292257958 0.0166949756178 0.016338830749 0.0166511424032 0.0161251438277 0.016053914854 0.0158511862364 0.0158511862364 
coppia 5 6
0.0171517584461 0.0171405919367 0.0169954273144 0.0170177603332 0.0171015091537 0.0167274310887 0.0164761846271 0.0162416879296 0.0162696042031 0.0160295242509 
coppia 5 7
0.0164123976233 0.0165355173706 0.0162999839409 0.0161019217387 0.0160644505112 0.0158985065039 0.015834270114 0.0156790321717 0.0155826775869 0.0153953214496 
coppia 5 8
0.017331464946 0.0173749158139 0.0171685241913 0.0170979165309 0.0169458384931 0.0168100545308 0.0167883290969 0.0166416824176 0.0161691542289 0.0160768211345 
coppia 5 9
0.0171210012334 0.0172115286689 0.0171549490217 0.0167588914916 0.0166004684795 0.0164759932557 0.0162723065259 0.01628928042 0.0162157268787 0.0157234839484 
coppia 5 10
0.0170690023499 0.0168553727836 0.0169568468276 0.0166898098697 0.0166417432173 0.0161557359539 0.0160702841273 0.015723136082 0.0158192693869 0.0156857509079 
coppia 6 1
0.016980745936 0.0167871543699 0.0164829390518 0.0167594984319 0.0163114722362 0.0162838162982 0.0162119108594 0.0157141039753 0.0158689772281 0.015398826282 
coppia 6 2
0.0165158727143 0.0165158727143 0.0167166900954 0.0164670252433 0.0163910402883 0.0161522304298 0.0162173603912 0.0159134205713 0.0154955033189 0.0157885881453 
coppia 6 3
0.0175393914697 0.0174375169791 0.0172507470796 0.0173469618763 0.0169564429956 0.0169451236077 0.0163395363579 0.0164470705424 0.016401792991 0.0162206827855 
coppia 6 4
0.0174118814757 0.0171092766534 0.0170548077854 0.0165585358768 0.0163769729834 0.0163588166941 0.0161046286434 0.0157778154353 0.0156749297957 0.0156144088312 
coppia 6 5
0.0167282219021 0.016370804406 0.0162029264911 0.0165440977374 0.0164574510717 0.0161271106586 0.016094618159 0.0158021856621 0.0155639073314 0.0156343077473 
coppia 6 6
0.0187601553248 0.0172069069979 0.0166175539093 0.0165955220181 0.0163035994602 0.0163311393242 0.0157803420451 0.0158739775826 0.0157638181267 0.0159125333921 
coppia 6 7
0.0160859044482 0.0159376472644 0.0161653279396 0.0155670043048 0.0156464277961 0.0155511196065 0.0154558114169 0.0154611063163 0.0154558114169 0.015307554233 
coppia 6 8
0.0171066673102 0.0168492629118 0.0168009995871 0.0167688240373 0.0165221448221 0.0163612670732 0.0161628511827 0.0160663245333 0.0159912482505 0.0160448741668 
coppia 6 9
0.0170289531299 0.0167496984049 0.0167887940664 0.0167441133104 0.0166882623654 0.0165151244359 0.0160794870649 0.0159845404584 0.0156494347884 0.0156550198829 
coppia 6 10
0.0168523912034 0.0169209826516 0.0163353172091 0.0163142121481 0.0158762821325 0.0157654805622 0.0157496517665 0.01582351948 0.0154383521168 0.0152009201807 
coppia 7 1
0.0177988126177 0.0177988126177 0.0174054028278 0.0172683054767 0.0172921484943 0.0167974058797 0.0169166209675 0.0167795236165 0.0166305047567 0.0165887794759 
coppia 7 2
0.0176417599644 0.0174721276571 0.0172498508406 0.0175715672855 0.0171094654828 0.0170217246341 0.0167643514781 0.0166941587992 0.0165128277121 0.0162379063864 
coppia 7 3
0.018605789828 0.0182936532224 0.0182752922455 0.0180488401983 0.0177428239182 0.017791786523 0.017363363731 0.0170267458229 0.0171307913581 0.0170695881021 
coppia 7 4
0.0178947986917 0.0178817415602 0.0178164559028 0.0178425701658 0.017411684827 0.0168763424363 0.0171244279344 0.0165368570179 0.0164911570577 0.0164193428346 
coppia 7 5
0.0179812420431 0.0176775640352 0.0173096464487 0.0172746066786 0.0172278869851 0.0170643680577 0.0168132497051 0.016550451429 0.0163051730381 0.0164336521952 
coppia 7 6
0.0182880094114 0.0180265823763 0.0177176231529 0.0175631435413 0.0172066521297 0.0171710029886 0.0170937631828 0.0167729209124 0.0169095759535 0.0167432132948 
coppia 7 7
0.0187099559231 0.0170513927387 0.0169150724769 0.0166026718771 0.0165629118008 0.0165799518335 0.0162959512882 0.0160857908847 0.0163925114736 0.0162675512337 
coppia 7 8
0.017760671474 0.0179171786965 0.0177432817826 0.017673723017 0.0172042013494 0.0173723016996 0.0169085765958 0.0172099979132 0.0170998632011 0.0166361380973 
coppia 7 9
0.0176893044778 0.0176832795103 0.0178700535017 0.0175326553237 0.0173579312672 0.0172073070805 0.0170145081217 0.01687593387 0.0166710849761 0.0165445606594 
coppia 7 10
0.0177888195933 0.0175727840725 0.0173851742781 0.0172487307913 0.0167768637328 0.0168735112026 0.016560828212 0.0165721985025 0.0163675332723 0.016401644144 
coppia 8 1
0.0167005714347 0.0167707192307 0.0165225039526 0.016495524031 0.0165009200153 0.0160422613491 0.0161609730039 0.0159073617414 0.0157185022906 0.0157454822121 
coppia 8 2
0.0165458489867 0.0166199269803 0.0165458489867 0.0163447801471 0.0161648764485 0.0164241494259 0.0158685644743 0.0158368167628 0.0157309910577 0.0158685644743 
coppia 8 3
0.0178279322693 0.0173747734206 0.0171371413414 0.0171426676688 0.017092930722 0.0166674035103 0.0166121402361 0.0164574030682 0.0164850347053 0.016258455281 
coppia 8 4
0.0170831193516 0.0167997780493 0.0168056809931 0.0167938751055 0.0165872720726 0.0160678130184 0.0161150365687 0.0157254422781 0.0159261423672 0.0158907247044 
coppia 8 5
0.0167779209531 0.0166934240267 0.0165983649845 0.0162815015104 0.0162920636262 0.0162075666998 0.0159857622679 0.0159593569784 0.0156900230254 0.0154946238831 
coppia 8 6
0.017199492615 0.0168340033969 0.0167856298239 0.0166028852149 0.0162051469482 0.0163932663986 0.0164900135446 0.0162427708383 0.015984778449 0.0157590351085 
coppia 8 7
0.01610659412 0.0162199482693 0.0159623252027 0.0158386661308 0.0158335136695 0.0158541235148 0.0156119578323 0.0153131150751 0.0152409806164 0.0152203707711 
coppia 8 8
0.0186255552652 0.0168905147635 0.016791220277 0.0165037888686 0.0165612751502 0.0162111314345 0.0163679122028 0.016232035537 0.0159550561798 0.0162215834858 
coppia 8 9
0.0171087237066 0.0170270461587 0.0163518450958 0.016618658419 0.0166132132492 0.0163137289068 0.0159979090548 0.016302838567 0.0162048255095 0.0156221923343 
coppia 8 10
0.0166154130969 0.016954818007 0.0162965781814 0.0164354256446 0.0163428606691 0.0159006057863 0.0155714858736 0.0156949058408 0.0157566158245 0.0154223534131 
coppia 9 1
0.0170293603813 0.0165600918183 0.0163791689989 0.0166166301994 0.016175630827 0.016175630827 0.016175630827 0.0159551311408 0.0155819778256 0.0155424009589 
coppia 9 2
0.016765663389 0.0168710380513 0.0162665202513 0.0165826442385 0.0162276980073 0.0161223233449 0.0160169486825 0.015878297811 0.0157507390091 0.015473437266 
coppia 9 3
0.0175485320256 0.0175601113935 0.0172416787768 0.0174616867665 0.0170621985746 0.0164542817608 0.0165758651235 0.0165179682841 0.0159274205221 0.0161126904082 
coppia 9 4
0.0173188576239 0.0170960274329 0.0166813156885 0.0164832444076 0.0163037423093 0.0159818764778 0.0160809121182 0.0155485955508 0.0158518921997 0.0154062318177 
coppia 9 5
0.0166912017001 0.0167742149712 0.0164310934508 0.0163148748713 0.0162595326906 0.0161543825473 0.0160104928775 0.0157282477559 0.0153685235813 0.0153629893632 
coppia 9 6
0.0171601501302 0.0169798135771 0.0168445611623 0.0165177011598 0.0160837663289 0.0166022339191 0.016224654261 0.0159935980524 0.0159485139141 0.015649831498 
coppia 9 7
0.0162341874797 0.0161693156017 0.0161152557033 0.0159476700184 0.015628716618 0.0156070926587 0.0154827548924 0.0152881392583 0.0152935452481 0.0151583955022 
coppia 9 8
0.0170693579793 0.0167731673203 0.0165592518443 0.0167457422593 0.016444066588 0.0165537668321 0.016444066588 0.0161094808436 0.0160052656117 0.0158078051724 
coppia 9 9
0.0186378620068 0.0166417629547 0.0166987943562 0.0164592624699 0.016539106432 0.0162254337238 0.0161512929019 0.0161969180231 0.0154326972431 0.0156094945877 
coppia 9 10
0.0168197285331 0.0166633411887 0.0166417705204 0.0163397811656 0.0161348598176 0.015547059109 0.0154931324385 0.0157897291263 0.0155254884408 0.0154823471044 
coppia 10 1
0.0170820870721 0.0172593331118 0.016893763155 0.0165891215243 0.0165946604631 0.0164949595657 0.0164561869946 0.0162512462612 0.0161847789963 0.0159244488756 
coppia 10 2
0.0170219699644 0.0169079108166 0.016674361133 0.0167938516688 0.0166200472531 0.0165711647612 0.0162724384216 0.0161366537219 0.0161312223339 0.0157781821144 
coppia 10 3
0.0177682247655 0.0175980853646 0.0178759797194 0.0172861631297 0.0172748205029 0.0172181073693 0.0172237786827 0.0167303744201 0.0167927588671 0.0163050259179 
coppia 10 4
0.0176563257392 0.0173836645662 0.0172746000969 0.0170201163354 0.0166383906932 0.0165959767329 0.0162021328163 0.0161354823073 0.0161476005817 0.0156265147843 
coppia 10 5
0.0170030786575 0.0169813979707 0.0169271962536 0.0169434567687 0.016450221143 0.0164177001127 0.0162984563351 0.0161521116989 0.0161304310121 0.0158323215679 
coppia 10 6
0.0173584864018 0.0172150278365 0.0173971098617 0.0169225930687 0.0169446636173 0.0165253231956 0.0165032526471 0.0162163355165 0.0163156529848 0.0158852772889 
coppia 10 7
0.0166039172554 0.0166092051271 0.0165404627945 0.016149160286 0.0160751300816 0.0160063877491 0.0158847666991 0.0155886458818 0.0155780701383 0.015382418884 
coppia 10 8
0.0174413295589 0.0171082952403 0.0174091004313 0.016882691347 0.0167967470067 0.0166463444112 0.0166409728899 0.0164959418157 0.0167054311452 0.0164959418157 
coppia 10 9
0.0171395030327 0.0171003717472 0.0174693238673 0.0172009950527 0.0168488134835 0.0164798613634 0.0161276797943 0.016177991447 0.0160102859379 0.0162506638343 
coppia 10 10
0.0188035360142 0.0168730748133 0.0167675851302 0.0162823325879 0.0162137642939 0.0161135490949 0.0163983712393 0.0158867462762 0.0156282965526 0.0156388455209 
