coppia 1 1 
0.0180634 0.0165109 0.0164886 0.0160824 0.0158987 0.0158765 0.0158264 0.0155648 0.0154647 0.0153756 
coppia 1 2 
0.016573 0.0164307 0.0162776 0.0160424 0.0161026 0.0157799 0.015933 0.0156705 0.0154736 0.0154517 
coppia 1 3 
0.0172798 0.0172 0.0168748 0.0168577 0.0164013 0.0161446 0.0164812 0.0162187 0.0161161 0.0159906 
coppia 1 4 
0.0170203 0.016837 0.016672 0.0165253 0.0162381 0.0159814 0.0157919 0.0153947 0.0152297 0.0154008 
coppia 1 5 
0.0165179 0.0164195 0.0161188 0.0164633 0.0161297 0.0161625 0.0158399 0.0156431 0.0154408 0.015244 
coppia 1 6 
0.0170326 0.0166492 0.0167214 0.0162324 0.0161379 0.0161879 0.0159045 0.01571 0.0156044 0.0154544 
coppia 1 7 
0.0158924 0.0158178 0.0156634 0.0155303 0.0154026 0.0154718 0.0153919 0.0152428 0.0150725 0.0148861 
coppia 1 8 
0.0168796 0.0165057 0.0167279 0.0163161 0.0164461 0.0160722 0.0161969 0.016018 0.0160235 0.015655 
coppia 1 9 
0.0166775 0.0167169 0.0163284 0.0164579 0.01612 0.0159736 0.0159342 0.015557 0.0155345 0.0154613 
coppia 1 10 
0.0165673 0.0163919 0.0161686 0.0160091 0.0159612 0.0155518 0.0156688 0.0155943 0.0154189 0.0151956 
coppia 2 1 
0.0167014 0.0166625 0.0165068 0.01629 0.0162122 0.0160454 0.016062 0.0157952 0.0155617 0.0153337 
coppia 2 2 
0.0180291 0.0162071 0.0165889 0.0161743 0.0159398 0.0161362 0.016038 0.015727 0.0158525 0.0150342 
coppia 2 3 
0.0174283 0.0172403 0.0169782 0.0170124 0.016756 0.0164996 0.0164768 0.0163971 0.0160552 0.0159812 
coppia 2 4 
0.0170553 0.0168722 0.0165549 0.0165427 0.0163718 0.0159996 0.0158471 0.0157128 0.0154321 0.015725 
coppia 2 5 
0.0166951 0.0164385 0.0167005 0.0163566 0.0162474 0.0160891 0.0158215 0.015554 0.0156359 0.0155104 
coppia 2 6 
0.0168213 0.0167381 0.0165773 0.0167215 0.0162057 0.0162889 0.0162778 0.0159284 0.0157176 0.0157343 
coppia 2 7 
0.0159901 0.0159689 0.0158255 0.0158149 0.0157617 0.0158202 0.0155971 0.0154431 0.0151032 0.0151085 
coppia 2 8 
0.0171069 0.0169824 0.0168472 0.0166469 0.0165062 0.0163817 0.0161544 0.0162464 0.0158784 0.0156241 
coppia 2 9 
0.0168904 0.0168566 0.0164857 0.0165138 0.0163789 0.0161765 0.0158562 0.0160304 0.0155864 0.0155245 
coppia 2 10 
0.0167197 0.0165073 0.0164755 0.0161889 0.0159925 0.015881 0.0158757 0.0156103 0.0155626 0.0154989 
coppia 3 1 
0.0159575 0.0156853 0.0155753 0.0155701 0.0154288 0.0149209 0.0149366 0.0149104 0.0146225 0.0147586 
coppia 3 2 
0.0156508 0.0154554 0.0155788 0.0152959 0.0154039 0.0152239 0.0148999 0.0148022 0.0148433 0.0144679 
coppia 3 3 
0.0181316 0.0163452 0.0161794 0.016265 0.0157355 0.0158211 0.0157248 0.0154199 0.0152755 0.0151846 
coppia 3 4 
0.0161675 0.0161789 0.0159436 0.0156852 0.015513 0.0150307 0.0148929 0.0145599 0.0145427 0.0147494 
coppia 3 5 
0.0157562 0.0155661 0.0156175 0.0153862 0.0153759 0.0152269 0.0150984 0.0148826 0.0147695 0.0145331 
coppia 3 6 
0.0161982 0.0159319 0.0156553 0.0156657 0.0153055 0.0152533 0.0151124 0.0150445 0.0152168 0.0149923 
coppia 3 7 
0.0152606 0.0150701 0.0147342 0.0149347 0.0145337 0.014664 0.0145186 0.0144334 0.0144434 0.0141577 
coppia 3 8 
0.0162058 0.0157885 0.0159107 0.0158292 0.015356 0.015295 0.0154832 0.0154629 0.015178 0.0152695 
coppia 3 9 
0.0163165 0.0158036 0.015756 0.0157772 0.01583 0.0151691 0.0149788 0.0149999 0.0147039 0.0147885 
coppia 3 10 
0.0159865 0.0156865 0.0152765 0.0153665 0.0149814 0.0145764 0.0148514 0.0150714 0.0146514 0.0144364 
coppia 4 1 
0.0163513 0.0164443 0.0159853 0.0159155 0.0156889 0.0157528 0.0157703 0.0157528 0.0152764 0.0151137 
coppia 4 2 
0.0160836 0.0159181 0.0160551 0.0159581 0.0156613 0.0157298 0.0155129 0.0155985 0.0153074 0.0150221 
coppia 4 3 
0.0168792 0.0168376 0.016796 0.0165583 0.0163146 0.016273 0.0160234 0.0160115 0.01575 0.0154825 
coppia 4 4 
0.0187293 0.0166221 0.0163165 0.0160682 0.0156481 0.0155399 0.015578 0.0148905 0.0152024 0.0150433 
coppia 4 5 
0.0162949 0.0158783 0.0158897 0.015981 0.0158897 0.0158155 0.0159411 0.0155358 0.0151762 0.0148966 
coppia 4 6 
0.0163421 0.0166609 0.01629 0.016064 0.0156815 0.0156815 0.0154729 0.0156062 0.0155598 0.0152874 
coppia 4 7 
0.0152496 0.0154332 0.0154778 0.0152552 0.0150492 0.0149379 0.0151271 0.0150158 0.0149546 0.0146986 
coppia 4 8 
0.0163782 0.0161634 0.0161351 0.0160052 0.016299 0.0163273 0.0160165 0.0156774 0.0157339 0.0154683 
coppia 4 9 
0.0167408 0.0164943 0.0162947 0.0158486 0.0158956 0.0158251 0.0157019 0.0152323 0.0151325 0.0151442 
coppia 4 10 
0.0160681 0.0159515 0.0158849 0.0157905 0.0157072 0.0154185 0.0152242 0.0150965 0.0152631 0.0152797 
coppia 5 1 
0.0163306 0.0167002 0.016635 0.016097 0.0161893 0.0159448 0.0158035 0.0158904 0.0158035 0.0157328 
coppia 5 2 
0.0165045 0.0164244 0.0162803 0.0164244 0.0158908 0.0161096 0.0158908 0.0154799 0.0156133 0.0151864 
coppia 5 3 
0.0172446 0.0171389 0.0167882 0.0171611 0.0167826 0.0165767 0.0163206 0.0160033 0.0158642 0.0160813 
coppia 5 4 
0.0169913 0.016878 0.0167529 0.0166873 0.0162821 0.016139 0.0157636 0.0158172 0.0154298 0.0153106 
coppia 5 5 
0.0182697 0.0165371 0.0161799 0.0162439 0.0158974 0.0162013 0.0156895 0.0156202 0.0154229 0.0154229 
coppia 5 6 
0.0166478 0.016637 0.0164961 0.0165177 0.016599 0.0162359 0.0159921 0.0157645 0.0157916 0.0155585 
coppia 5 7 
0.0159234 0.0160428 0.0158143 0.0156222 0.0155858 0.0154248 0.0153625 0.0152119 0.0151184 0.0149366 
coppia 5 8 
0.0168692 0.0169115 0.0167106 0.0166419 0.0164939 0.0163617 0.0163406 0.0161978 0.0157379 0.015648 
coppia 5 9 
0.0166204 0.0167083 0.0166534 0.0162689 0.0161151 0.0159943 0.0157966 0.015813 0.0157416 0.0152638 
coppia 5 10 
0.0165797 0.0163722 0.0164707 0.0162114 0.0161647 0.0156926 0.0156096 0.0152724 0.0153658 0.0152361 
coppia 6 1 
0.0164746 0.0162868 0.0159917 0.01626 0.0158253 0.0157985 0.0157287 0.0152458 0.015396 0.0149399 
coppia 6 2 
0.016044 0.016044 0.0162391 0.0159965 0.0159227 0.0156907 0.015754 0.0154588 0.0150528 0.0153375 
coppia 6 3 
0.0170216 0.0169227 0.0167415 0.0168348 0.0164558 0.0164449 0.0158571 0.0159615 0.0159176 0.0157418 
coppia 6 4 
0.0169359 0.0166416 0.0165886 0.0161059 0.0159293 0.0159116 0.0156644 0.0153465 0.0152464 0.0151875 
coppia 6 5 
0.0162831 0.0159352 0.0157718 0.0161039 0.0160195 0.015698 0.0156663 0.0153817 0.0151498 0.0152183 
coppia 6 6 
0.0182172 0.0167089 0.0161366 0.0161152 0.0158318 0.0158585 0.0153236 0.0154146 0.0153076 0.015452 
coppia 6 7 
0.0156128 0.0154689 0.0156899 0.0151092 0.0151862 0.0150937 0.0150012 0.0150064 0.0150012 0.0148573 
coppia 6 8 
0.0166572 0.0164065 0.0163595 0.0163282 0.016088 0.0159314 0.0157382 0.0156442 0.0155711 0.0156233 
coppia 6 9 
0.01654 0.0162688 0.0163067 0.0162633 0.0162091 0.0160409 0.0156178 0.0155256 0.0152001 0.0152055 
coppia 6 10 
0.016376 0.0164426 0.0158735 0.015853 0.0154274 0.0153198 0.0153044 0.0153762 0.0150019 0.0147712 
coppia 7 1 
0.0173713 0.0173713 0.0169873 0.0168535 0.0168768 0.0163939 0.0165103 0.0163765 0.016231 0.0161903 
coppia 7 2 
0.017236 0.0170702 0.0168531 0.0171674 0.0167159 0.0166302 0.0163787 0.0163102 0.016133 0.0158644 
coppia 7 3 
0.0181561 0.0178515 0.0178336 0.0176126 0.017314 0.0173618 0.0169437 0.0166152 0.0167167 0.016657 
coppia 7 4 
0.0175045 0.0174918 0.0174279 0.0174534 0.017032 0.0165083 0.016751 0.0161762 0.0161315 0.0160613 
coppia 7 5 
0.0175983 0.0173011 0.016941 0.0169067 0.016861 0.016701 0.0164552 0.016198 0.0159579 0.0160837 
coppia 7 6 
0.0178628 0.0176075 0.0173057 0.0171548 0.0168066 0.0167718 0.0166964 0.016383 0.0165165 0.016354 
coppia 7 7 
0.0182696 0.01665 0.0165169 0.0162119 0.016173 0.0161897 0.0159124 0.0157072 0.0160067 0.0158846 
coppia 7 8 
0.0173848 0.017538 0.0173678 0.0172997 0.0168401 0.0170046 0.0165507 0.0168458 0.016738 0.0162841 
coppia 7 9 
0.0172786 0.0172727 0.0174552 0.0171256 0.0169549 0.0168078 0.0166195 0.0164841 0.016284 0.0161605 
coppia 7 10 
0.0173855 0.0171743 0.016991 0.0168576 0.0163964 0.0164909 0.0161853 0.0161964 0.0159964 0.0160297 
coppia 8 1 
0.016226 0.0162942 0.016053 0.0160268 0.016032 0.0155864 0.0157018 0.0154554 0.0152719 0.0152981 
coppia 8 2 
0.0160964 0.0161685 0.0160964 0.0159008 0.0157258 0.015978 0.0154375 0.0154066 0.0153037 0.0154375 
coppia 8 3 
0.0173185 0.0168783 0.0166474 0.0166528 0.0166045 0.0161911 0.0161374 0.0159871 0.016014 0.0157939 
coppia 8 4 
0.016641 0.016365 0.0163707 0.0163592 0.016158 0.015652 0.015698 0.0153184 0.0155139 0.0154794 
coppia 8 5 
0.0163529 0.0162706 0.0161779 0.0158691 0.0158794 0.015797 0.0155808 0.0155551 0.0152926 0.0151021 
coppia 8 6 
0.016726 0.0163706 0.0163235 0.0161458 0.015759 0.015942 0.016036 0.0157956 0.0155447 0.0153252 
coppia 8 7 
0.0156563 0.0157665 0.0155161 0.0153959 0.0153909 0.0154109 0.0151755 0.014885 0.0148149 0.0147949 
coppia 8 8 
0.0181604 0.0164687 0.0163719 0.0160916 0.0161477 0.0158063 0.0159592 0.0158267 0.0155566 0.0158165 
coppia 8 9 
0.0166371 0.0165577 0.0159011 0.0161605 0.0161553 0.015864 0.0155569 0.0158534 0.0157581 0.0151915 
coppia 8 10 
0.0161683 0.0164986 0.0158581 0.0159932 0.0159031 0.0154728 0.0151525 0.0152726 0.0153326 0.0150074 
coppia 9 1 
0.0165406 0.0160848 0.0159091 0.0161397 0.0157114 0.0157114 0.0157114 0.0154972 0.0151348 0.0150963 
coppia 9 2 
0.0163063 0.0164087 0.0158208 0.0161282 0.015783 0.0156805 0.0155781 0.0154432 0.0153191 0.0150494 
coppia 9 3 
0.0170498 0.0170611 0.0167517 0.0169655 0.0165773 0.0159867 0.0161048 0.0160486 0.0154748 0.0156548 
coppia 9 4 
0.0168623 0.0166454 0.0162416 0.0160487 0.015874 0.0155606 0.015657 0.0151387 0.015434 0.0150001 
coppia 9 5 
0.0162652 0.0163461 0.0160117 0.0158984 0.0158445 0.015742 0.0156018 0.0153268 0.0149762 0.0149709 
coppia 9 6 
0.0166798 0.0165045 0.0163731 0.0160553 0.0156336 0.0161375 0.0157705 0.0155459 0.0155021 0.0152118 
coppia 9 7 
0.0157745 0.0157115 0.015659 0.0154961 0.0151862 0.0151652 0.0150444 0.0148553 0.0148605 0.0147292 
coppia 9 8 
0.0166373 0.0163486 0.0161401 0.0163218 0.0160278 0.0161347 0.0160278 0.0157017 0.0156001 0.0154076 
coppia 9 9 
0.0181253 0.0161841 0.0162396 0.0160067 0.0160843 0.0157793 0.0157072 0.0157515 0.0150083 0.0151803 
coppia 9 10 
0.0163621 0.01621 0.016189 0.0158952 0.0156959 0.0151241 0.0150716 0.0153602 0.0151031 0.0150611 
coppia 10 1 
0.0165798 0.0167519 0.0163971 0.0161014 0.0161067 0.01601 0.0159723 0.0157734 0.0157089 0.0154562 
coppia 10 2 
0.016545 0.0164341 0.0162071 0.0163233 0.0161543 0.0161068 0.0158165 0.0156845 0.0156792 0.015336 
coppia 10 3 
0.0172518 0.0170866 0.0173564 0.0167838 0.0167728 0.0167177 0.0167232 0.0162441 0.0163047 0.0158311 
coppia 10 4 
0.0171802 0.0169149 0.0168088 0.0165611 0.0161897 0.0161484 0.0157652 0.0157004 0.0157121 0.0152051 
coppia 10 5 
0.0165588 0.0165377 0.0164849 0.0165007 0.0160204 0.0159887 0.0158726 0.0157301 0.015709 0.0154186 
coppia 10 6 
0.016865 0.0167256 0.0169025 0.0164415 0.016463 0.0160555 0.0160341 0.0157553 0.0158518 0.0154337 
coppia 10 7 
0.0161241 0.0161292 0.0160624 0.0156824 0.0156106 0.0155438 0.0154257 0.0151381 0.0151279 0.0149379 
coppia 10 8 
0.0169897 0.0166653 0.0169583 0.0164455 0.0163618 0.0162153 0.0162101 0.0160688 0.0162728 0.0160688 
coppia 10 9 
0.0166553 0.0166173 0.0169759 0.0167151 0.0163729 0.0160143 0.0156721 0.015721 0.015558 0.0157916 
coppia 10 10 
0.0182821 0.0164051 0.0163026 0.0158308 0.0157641 0.0156667 0.0159436 0.0154462 0.0151949 0.0152051 
