coppia 1 1
0.0180634390651 0.016510851419 0.0164885920979 0.016082359488 0.015898720089 0.0158764607679 0.0158263772955 0.0155648302727 0.0154646633278 0.0153756260434 
coppia 1 2
0.0165729538145 0.0164307436498 0.0162775942416 0.0160424005076 0.0161025663465 0.015779858665 0.0159330080732 0.0156704662306 0.0154735598486 0.0154516813617 
coppia 1 3
0.0172798375273 0.017199970335 0.0168747967665 0.0168576823682 0.0164012984124 0.0161445824372 0.0164811656046 0.01621874483 0.01611605844 0.0159905528521 
coppia 1 4
0.0170203143716 0.0168369716674 0.0166719632337 0.0165252890703 0.0162380521671 0.0159813723813 0.0157919182536 0.0153946757279 0.0152296672941 0.0154007871513 
coppia 1 5
0.0165179450167 0.0164195262778 0.0161188023533 0.0164632679395 0.0161297377687 0.016162544015 0.0158399492597 0.0156431117818 0.0154408065962 0.0152439691184 
coppia 1 6
0.0170326036822 0.0166491617069 0.0167214043979 0.0162323769512 0.01613790574 0.0161879199106 0.0159045062768 0.0157100067241 0.0156044212527 0.0154543787406 
coppia 1 7
0.0158923684687 0.0158178313971 0.0156634331775 0.015530331264 0.0154025534271 0.0154717664221 0.015391905274 0.0152428311309 0.0150724606817 0.0148861180028 
coppia 1 8
0.0168796263181 0.0165057276934 0.01672789934 0.0163160689707 0.0164461206663 0.0160722220416 0.0161968549165 0.0160180338351 0.0160234526558 0.0156549728517 
coppia 1 9
0.0166774584049 0.0167168717097 0.0163283691338 0.0164578699924 0.0161200416655 0.0159736493905 0.0159342360857 0.015556994454 0.0155344725655 0.015461276428 
coppia 1 10
0.0165673300333 0.016391873714 0.0161685656712 0.0160090599263 0.0159612082028 0.0155518101244 0.0156687810039 0.0155943449897 0.0154188886703 0.0151955806275 
coppia 2 1
0.0167014149501 0.0166624968727 0.0165068245629 0.0162899952742 0.0162121591193 0.0160453673589 0.0160620465349 0.0157951797181 0.0155616712534 0.0153337225141 
coppia 2 2
0.0180290756348 0.016207075253 0.0165889316204 0.0161743447072 0.0159397757958 0.0161361590705 0.0160379674331 0.0157270272482 0.0158524943403 0.0150342306958 
coppia 2 3
0.0174283126043 0.0172402987711 0.0169782188823 0.0170124032156 0.0167560207157 0.0164996382158 0.0164768486603 0.0163970852158 0.0160552418826 0.0159811758271 
coppia 2 4
0.0170552663856 0.0168722044923 0.0165548972107 0.0165426930845 0.0163718353175 0.015999609468 0.0158470578903 0.0157128125019 0.015432117599 0.0157250166281 
coppia 2 5
0.016695055905 0.0164384608665 0.0167005153739 0.016356568833 0.0162473794549 0.0160890548567 0.0158215408805 0.0155540269043 0.0156359189378 0.015510351153 
coppia 2 6
0.0168213103207 0.016738118875 0.01657728208 0.0167214805859 0.0162056936225 0.0162888850682 0.0162777928755 0.0159283888035 0.0157176371411 0.0157342754302 
coppia 2 7
0.0159901011131 0.0159688588665 0.0158254737021 0.0158148525788 0.0157617469624 0.0158201631405 0.0155971195514 0.0154431132637 0.0151032373184 0.01510854788 
coppia 2 8
0.0171069223234 0.0169824493043 0.0168471525444 0.0166469133397 0.0165062047094 0.0163817316903 0.0161544331336 0.0162464349304 0.0158784277434 0.0156240698348 
coppia 2 9
0.0168903727686 0.0168566482306 0.0164856783129 0.0165137820945 0.0163788839426 0.0161765367148 0.015856153604 0.0160303970502 0.0155863573002 0.0155245289806 
coppia 2 10
0.0167196564774 0.0165073433793 0.0164754964146 0.0161888737321 0.0159924841163 0.0158810197398 0.0158757119124 0.0156103205397 0.0155625500926 0.0154988561632 
coppia 3 1
0.0159575303523 0.0156852890208 0.0155753454062 0.015570109996 0.01542875392 0.0149209191286 0.0149366253593 0.0149104483082 0.014622500746 0.0147586214118 
coppia 3 2
0.0156507964265 0.0154553543416 0.0155787914479 0.0152959147461 0.0154039222141 0.0152239097675 0.0148998873636 0.0148021663212 0.0148433120233 0.0144678574919 
coppia 3 3
0.0181316389076 0.0163452178471 0.0161794122996 0.0162649893564 0.0157354813175 0.0158210583742 0.0157247841854 0.0154199159205 0.0152755046372 0.0151845790144 
coppia 3 4
0.0161674618348 0.0161789444071 0.0159435516744 0.0156851937971 0.0155129552122 0.0150306871745 0.0148928963066 0.0145599017092 0.0145426778507 0.0147493641526 
coppia 3 5
0.0157562053548 0.0155660619765 0.0156174520787 0.0153861966185 0.0153759185981 0.0152268873015 0.0150984120458 0.0148825736163 0.0147695153913 0.0145331209209 
coppia 3 6
0.0161981572834 0.0159319291102 0.0156552606165 0.015665700937 0.0153055098792 0.0152533082766 0.0151123639496 0.0150445018662 0.0152167671548 0.0149923002636 
coppia 3 7
0.0152605931779 0.0150700864299 0.0147341929533 0.0149347263721 0.0145336595344 0.0146640062566 0.0145186195279 0.0144333928249 0.0144434194959 0.0141576593739 
coppia 3 8
0.0162057648765 0.015788536393 0.0159106520467 0.0158292416109 0.0153560434528 0.015294985626 0.0154832472588 0.0154628946498 0.0151779581245 0.0152695448648 
coppia 3 9
0.0163164740343 0.0158036101388 0.015756024829 0.0157771738556 0.0158300464221 0.0151691393404 0.0149787981008 0.0149999471274 0.0147038607548 0.0147884568613 
coppia 3 10
0.0159865187193 0.0156864902166 0.0152764512629 0.0153664598137 0.0149814232352 0.0145763847566 0.014851410884 0.015071431786 0.0146513918822 0.0144363714553 
coppia 4 1
0.0163513387877 0.0164443101525 0.0159852640387 0.0159155355151 0.0156889178133 0.0157528356266 0.0157702677575 0.0157528356266 0.0152763573819 0.0151136574935 
coppia 4 2
0.016083648671 0.0159181320594 0.0160551113242 0.015958084345 0.015661295938 0.0157297855704 0.0155129017345 0.015598513775 0.0153074328374 0.0150220593691 
coppia 4 3
0.0168792420983 0.0168376383325 0.0167960345668 0.0165582987626 0.0163146195633 0.0162730157975 0.0160233932031 0.0160115064129 0.0157499970283 0.0154825442486 
coppia 4 4
0.0187293099058 0.0166221033868 0.0163165266106 0.01606824548 0.0156480774128 0.0155398523046 0.0155780494016 0.0148905016552 0.0152024446142 0.0150432900433 
coppia 4 5
0.0162949180403 0.0158782703986 0.0158896854025 0.0159810054335 0.0158896854025 0.0158154878773 0.01594105292 0.0155358202822 0.0151762476599 0.0148965800648 
coppia 4 6
0.0163421418637 0.0166608715809 0.0162899860918 0.0160639777469 0.0156815020862 0.0156815020862 0.0154728789986 0.0156061659713 0.0155598052851 0.0152874362541 
coppia 4 7
0.0152495867585 0.0154332496647 0.0154777740056 0.0152551523011 0.0150492272244 0.0149379163722 0.015127144821 0.0150158339687 0.014954613 0.0146985980398 
coppia 4 8
0.0163781556773 0.0161633972522 0.0161351395647 0.0160051542022 0.0162990341522 0.0163272918397 0.0160164572772 0.0156773650272 0.0157338804022 0.0154682581396 
coppia 4 9
0.0167408224839 0.0164942886324 0.0162947136098 0.0158486047358 0.0158955635646 0.0158251253214 0.0157018583957 0.0152322701072 0.0151324825959 0.0151442223031 
coppia 4 10
0.0160681368956 0.015951540187 0.0158849134963 0.0157905256846 0.0157072423213 0.0154185266618 0.015224198814 0.015096497657 0.0152630643836 0.0152797210563 
coppia 5 1
0.0163306342047 0.0167001793381 0.016634965491 0.0160969512526 0.016189337536 0.0159447856095 0.0158034889408 0.0158904407369 0.0158034889408 0.0157328406065 
coppia 5 2
0.0165044502785 0.0164244092976 0.0162803355318 0.0164244092976 0.0158908027577 0.016109581439 0.0158908027577 0.015479925722 0.0156133273569 0.015186442125 
coppia 5 3
0.0172446423601 0.0171388811578 0.0167881992764 0.0171611466741 0.0167826328973 0.0165766768717 0.0163206234345 0.0160033398274 0.0158641803507 0.0160812691344 
coppia 5 4
0.0169912749118 0.0168780394774 0.0167528845237 0.016687327167 0.0162820635072 0.0161390292743 0.0157635644131 0.0158172022504 0.0154298178697 0.0153106226757 
coppia 5 5
0.0182697331244 0.0165371205578 0.0161799358134 0.0162439092004 0.0158973866871 0.0162012602757 0.0156894731792 0.0156201686765 0.0154229173997 0.0154229173997 
coppia 5 6
0.0166477897783 0.0166369513735 0.0164960521111 0.0165177289207 0.0165990169567 0.0162359303958 0.0159920662877 0.0157644597868 0.0157915557988 0.0155585300955 
coppia 5 7
0.0159233849398 0.0160428362945 0.0158143206594 0.0156221597844 0.0155858050242 0.0154248053722 0.0153624829262 0.0152118703485 0.0151183866796 0.0149366128789 
coppia 5 8
0.0168692278007 0.0169115198165 0.0167106327414 0.0166419082158 0.0164938861605 0.0163617236111 0.0163405776032 0.0161978420499 0.0157379163781 0.0156480458445 
coppia 5 9
0.0166204377557 0.0167083184577 0.016653393019 0.016268914948 0.0161151237196 0.0159942877544 0.015796556175 0.0158130338066 0.0157416307363 0.0152637794194 
coppia 5 10
0.0165796872893 0.0163721818163 0.0164707469159 0.0162113650748 0.0161646763433 0.0156926013924 0.0156095992032 0.0152724028096 0.0153657802725 0.0152360893519 
coppia 6 1
0.0164746413948 0.0162868197503 0.0159916714516 0.0162599880867 0.0158253151379 0.0157984834744 0.0157287211493 0.0152457512061 0.0153960085217 0.0149398702421 
coppia 6 2
0.0160439931248 0.0160439931248 0.0162390728966 0.0159965412884 0.0159227273207 0.015690740565 0.0157540096802 0.0154587538093 0.0150527769869 0.0153374880052 
coppia 6 3
0.0170215804419 0.0169227135662 0.0167414576273 0.0168348318988 0.0164558422085 0.016444857 0.0158571483497 0.0159615078297 0.015917566996 0.0157418036614 
coppia 6 4
0.0169358826438 0.0166415503073 0.0165885704867 0.0161058654548 0.0159292660529 0.0159116061127 0.01566436695 0.0153464880266 0.0152464150321 0.0151875485648 
coppia 6 5
0.0162830906772 0.0159351839162 0.0157717731648 0.0161038659821 0.0160195249491 0.0156979747609 0.0156663468736 0.0153816958873 0.0151497580467 0.0152182851359 
coppia 6 6
0.0182172159644 0.0167089203385 0.0161366237712 0.016115229507 0.0158317555063 0.0158584983366 0.0153236417317 0.0154145673545 0.0153075960335 0.0154520073168 
coppia 6 7
0.0156127944744 0.0154688977511 0.0156898820047 0.0151091559429 0.0151862434733 0.0150937384369 0.0150012334005 0.0150063725692 0.0150012334005 0.0148573366772 
coppia 6 8
0.0166571806025 0.0164065396404 0.0163595444601 0.0163282143398 0.0160880167512 0.0159313661499 0.0157381637417 0.0156441733809 0.015571069767 0.015623286634 
coppia 6 9
0.0165399992405 0.016268762782 0.0163067358862 0.0162633380528 0.0162090907611 0.0160409241569 0.0156177952816 0.0155255748857 0.0152000911355 0.0152055158646 
coppia 6 10
0.0163759600496 0.0164426123604 0.0158735041683 0.015852995765 0.0154274463962 0.0153197772787 0.0153043959763 0.0153761753879 0.0150018970273 0.01477117749 
coppia 7 1
0.0173712716632 0.0173712716632 0.0169873118742 0.0168535077054 0.0168767779956 0.0163939194732 0.0165102709244 0.0163764667555 0.0162310274415 0.0161903044336 
coppia 7 2
0.0172359600647 0.0170702296795 0.0168530657264 0.0171673819742 0.0167159095455 0.0166301869324 0.0163787339342 0.0163101558437 0.0161329957767 0.0158643982558 
coppia 7 3
0.0181560825863 0.0178514904113 0.0178335732246 0.0176125945878 0.0173139748084 0.0173617539731 0.016943686282 0.0166152045247 0.0167167352497 0.0166570112938 
coppia 7 4
0.0175045341916 0.0174917618208 0.0174278999668 0.0174534447084 0.0170319564718 0.0165082892687 0.016750964314 0.0161762076277 0.0161315043298 0.0160612562904 
coppia 7 5
0.0175983081847 0.0173010973937 0.0169410150892 0.0169067215364 0.0168609967993 0.0167009602195 0.0164551897577 0.0161979881116 0.0159579332419 0.0160836762689 
coppia 7 6
0.0178628426178 0.0176074933406 0.0173057169221 0.0171548287129 0.0168066251531 0.0167718047971 0.0166963606925 0.0163829774886 0.0165164555199 0.0163539605253 
coppia 7 7
0.0182695507488 0.0166500277316 0.0165169162507 0.016211869107 0.0161730449251 0.0161896838602 0.0159123682751 0.0157071547421 0.016006655574 0.0158846367166 
coppia 7 8
0.0173847917116 0.0175379866777 0.0173677700487 0.0172996833971 0.0168400984987 0.0170046412401 0.0165507302293 0.0168457723863 0.0167379685213 0.0162840575105 
coppia 7 9
0.0172786177106 0.0172727326228 0.0174551703439 0.0171256054284 0.0169549378829 0.0168078106885 0.0166194878797 0.0164841308608 0.0162840378764 0.0161604510331 
coppia 7 10
0.0173854582227 0.0171743213059 0.0169909655625 0.0168576159308 0.0163964484548 0.0164909044439 0.0161853115381 0.0161964240074 0.0159963995599 0.0160297369679 
coppia 8 1
0.0162260214005 0.0162941759331 0.016053013741 0.0160268004593 0.0160320431156 0.0155864173259 0.0157017557656 0.0154553509172 0.015271857945 0.0152980712267 
coppia 8 2
0.0160964034036 0.0161684691687 0.0160964034036 0.0159007963267 0.0157257794685 0.0159780096465 0.0154375164078 0.0154066310799 0.0153036799868 0.0154375164078 
coppia 8 3
0.0173184807408 0.016878271373 0.0166474298752 0.0166527982821 0.0166044826198 0.0161911152865 0.0161374312173 0.0159871158234 0.016013957858 0.0157938531741 
coppia 8 4
0.0166409825885 0.0163649745843 0.016370724751 0.0163592244175 0.0161579685811 0.0156519539067 0.0156979552407 0.0153184442349 0.0155139499045 0.015479448904 
coppia 8 5
0.0163529393598 0.0162705827247 0.0161779315102 0.0158690941285 0.0158793887079 0.0157970320728 0.0155808459056 0.0155551094571 0.0152925976827 0.015102147964 
coppia 8 6
0.0167259916684 0.0163705643454 0.0163235224938 0.0161458088324 0.015759020275 0.0159419608089 0.016036044512 0.0157956083818 0.0155447185068 0.0153251898661 
coppia 8 7
0.0156563025883 0.0157664876993 0.0155160669925 0.0153958650533 0.0153908566392 0.0154108902957 0.0151754948313 0.0148850068114 0.0148148890135 0.014794855357 
coppia 8 8
0.018160417017 0.0164687058919 0.0163718910986 0.0160916377496 0.0161476884194 0.0158062888852 0.0159591543483 0.0158266709469 0.0155566086287 0.015816479916 
coppia 8 9
0.016637102539 0.0165576765243 0.0159010881364 0.016160546451 0.0161552513833 0.0158640226629 0.0155569087395 0.0158534325276 0.01575812131 0.015191549072 
coppia 8 10
0.0161683388796 0.0164986113544 0.0158580829184 0.0159931943854 0.0159031200741 0.0154727650312 0.0151525008132 0.0152725998949 0.0153326494358 0.0150073810894 
coppia 9 1
0.0165406349363 0.0160848339072 0.01590910339 0.0161397496938 0.015711406558 0.015711406558 0.015711406558 0.0154972349901 0.0151347907983 0.0150963497477 
coppia 9 2
0.0163062533376 0.0164087405402 0.0158207876411 0.0161282492489 0.0157830291981 0.0156805419955 0.0155780547929 0.0154432032105 0.0153191397548 0.0150494365901 
coppia 9 3
0.0170498332143 0.0170610835166 0.0167517002019 0.0169654559466 0.0165773205155 0.015986679642 0.0161048078167 0.016048556305 0.015474790885 0.0156547957226 
coppia 9 4
0.0168623291469 0.0166453728033 0.0162415929417 0.0160487428585 0.0158739724707 0.0155605910855 0.0156570161271 0.0151387315286 0.0154340332184 0.0150001205313 
coppia 9 5
0.0162651609528 0.016346055321 0.0160116919327 0.0158984398173 0.0158445102385 0.0157420440389 0.0156018271341 0.0153267862825 0.0149762440206 0.0149708510627 
coppia 9 6
0.0166798133176 0.016504524639 0.0163730581301 0.0160553474002 0.0156335590175 0.0161375139683 0.0157705032976 0.0155459146782 0.0155020925086 0.0152117706348 
coppia 9 7
0.0157745443085 0.0157115091664 0.0156589798813 0.0154961390975 0.0151862163156 0.0151652046016 0.0150443872459 0.0148552818196 0.0148605347481 0.0147292115354 
coppia 9 8
0.016637262764 0.0163485699011 0.0161400695001 0.0163218390805 0.0160278000535 0.016134723336 0.0160278000535 0.0157016840417 0.0156001069233 0.0154076450147 
coppia 9 9
0.0181253466445 0.0161841375485 0.0162396006656 0.016006655574 0.0160843039379 0.0157792567942 0.0157071547421 0.0157515252357 0.0150083194676 0.0151802551303 
coppia 9 10
0.0163621388815 0.0162100061378 0.0161890223111 0.015895248737 0.0156959023832 0.0151240931052 0.0150716335385 0.0153601611558 0.0151031092785 0.0150611416251 
coppia 10 1
0.0165798429108 0.0167518775973 0.0163970560564 0.016101371439 0.016106747523 0.0160099780118 0.0159723454241 0.0157734303179 0.0157089173105 0.0154562413647 
coppia 10 2
0.0165449813381 0.0164341183489 0.0162071131806 0.0163232553597 0.0161543212809 0.0161068085713 0.0158164531234 0.0156844733744 0.0156791941844 0.015336046837 
coppia 10 3
0.0172518226471 0.0170866280478 0.0173564458933 0.0167837712826 0.0167727583093 0.0167176934429 0.0167231999295 0.0162441355917 0.0163047069448 0.0158311490936 
coppia 10 4
0.0171801855979 0.0169148773097 0.0168087539944 0.0165611329253 0.0161897013218 0.0161484311437 0.0157652080607 0.0157003549235 0.015712146403 0.0152051127855 
coppia 10 5
0.0165588083148 0.0165376941186 0.0164849086283 0.0165007442754 0.0160203963135 0.0159887250193 0.0158725969406 0.0157300761167 0.0157089619205 0.0154186417238 
coppia 10 6
0.0168650155463 0.0167256352525 0.01690254101 0.0164415138844 0.0164629570065 0.0160555376863 0.0160340945642 0.0157553339766 0.0158518280262 0.0154336871448 
coppia 10 7
0.016124062853 0.0161291979049 0.0160624422307 0.0156824483927 0.0156105576666 0.0155438019924 0.0154256957995 0.0151381328951 0.0151278627914 0.0149378658724 
coppia 10 8
0.0169896816593 0.0166652713535 0.0169582871136 0.0164455095335 0.0163617907449 0.0162152828649 0.0162100504406 0.0160687749848 0.016272839532 0.0160687749848 
coppia 10 9
0.016655349431 0.016617323519 0.0169758535459 0.0167151044355 0.016372871228 0.0160143412011 0.0156721079936 0.0157209984518 0.0155580302578 0.0157916180026 
coppia 10 10
0.0182820512821 0.0164051282051 0.0163025641026 0.0158307692308 0.0157641025641 0.0156666666667 0.0159435897436 0.0154461538462 0.0151948717949 0.0152051282051 
