coppia 1 1 
0.0185301231310 0.0167711081794 0.0169909850484 0.0165402374670 0.0163038698329 0.0162379067722 0.0161224714160 0.0160620052770 0.0157047053650 0.0158036499560 
coppia 1 2 
0.0164084218454 0.0162145997851 0.0160761554564 0.0159432489008 0.0157881912525 0.0159266355813 0.0155722180997 0.0156608224701 0.0153839338125 0.0151125829282 
coppia 1 3 
0.0163116916543 0.0162205349291 0.0161240160436 0.0159041674710 0.0160060485168 0.0159685133947 0.0157057675396 0.0155234540892 0.0156682324175 0.0153411406387 
coppia 1 4 
0.0167182627495 0.0168201343573 0.0163220953858 0.0162655000481 0.0160730759000 0.0161919261091 0.0160730759000 0.0157618015428 0.0157448229415 0.0155750369285 
coppia 1 5 
0.0164697124779 0.0162836140318 0.0164368715757 0.0161358299717 0.0162124587436 0.0160482542324 0.0156486899217 0.0158676292700 0.0155994285683 0.0153640687688 
coppia 1 6 
0.0167150571188 0.0166716413860 0.0163568773234 0.0164328548558 0.0159335739289 0.0159986975280 0.0160421132608 0.0157002143652 0.0155971019998 0.0154505739017 
coppia 1 7 
0.0170299305395 0.0170017632710 0.0170017632710 0.0167144571322 0.0166919233174 0.0167538913081 0.0166524891415 0.0165567204286 0.0165116527990 0.0160553430492 
coppia 1 8 
0.0170331082502 0.0168286642211 0.0168345054791 0.0168520292530 0.0167585691254 0.0162153321339 0.0164139349050 0.0158064440758 0.0156136825627 0.0155143811771 
coppia 1 9 
0.0164368621952 0.0162921910994 0.0163923480119 0.0162588054619 0.0159583347244 0.0163756551931 0.0156077855307 0.0157357638077 0.0156745568057 0.0156022212577 
coppia 1 10 
0.0165707823179 0.0168166396224 0.0165817093093 0.0164396584223 0.0164341949266 0.0162702900570 0.0162320455874 0.0161118486830 0.0155982800916 0.0156747690307 
coppia 2 1 
0.0174862481032 0.0175633061457 0.0172965667678 0.0170357549317 0.0169883345979 0.0167156676783 0.0162888846737 0.0168401460546 0.0163066672989 0.0163244499241 
coppia 2 2 
0.0184789275910 0.0166923731993 0.0169901322646 0.0164243900406 0.0165851799358 0.0163707934088 0.0159539307174 0.0160611239809 0.0159777514426 0.0153405470430 
coppia 2 3 
0.0169188127959 0.0169188127959 0.0165434807715 0.0167455826308 0.0163760249451 0.0164453170112 0.0165608037880 0.0162720868461 0.0162836355237 0.0160064672595 
coppia 2 4 
0.0170119156737 0.0171952337305 0.0170913534983 0.0166819431714 0.0168408188207 0.0164191872899 0.0163580812710 0.0161992056218 0.0166269477544 0.0158753437214 
coppia 2 5 
0.0172108506268 0.0169747621409 0.0169039355951 0.0169098378072 0.0164199541988 0.0164730741082 0.0160776258942 0.0163137143801 0.0160835281063 0.0159890927119 
coppia 2 6 
0.0175968498601 0.0173105797262 0.0170243095924 0.0169483603732 0.0163641356103 0.0169249913827 0.0164400848294 0.0164634538200 0.0162472906577 0.0158441755712 
coppia 2 7 
0.0179336237220 0.0178364225094 0.0177270711452 0.0172775155370 0.0173868669012 0.0173382662949 0.0172046146276 0.0167246836404 0.0168279599288 0.0164330800027 
coppia 2 8 
0.0176802460517 0.0174663974690 0.0171519142593 0.0169946726544 0.0169443553409 0.0169317760125 0.0165355271682 0.0165732651534 0.0162965199288 0.0160512230252 
coppia 2 9 
0.0168574339306 0.0170372145982 0.0166956313298 0.0168214777971 0.0169173608198 0.0161862527716 0.0165338287290 0.0160184574819 0.0161682747049 0.0159765086594 
coppia 2 10 
0.0175213423609 0.0172269649691 0.0170915513689 0.0170150132470 0.0171327642037 0.0167029732117 0.0166617603768 0.0163202826023 0.0161789814542 0.0160612304975 
coppia 3 1 
0.0177810163696 0.0173908553134 0.0173679046630 0.0174138059637 0.0168400397046 0.0168572526924 0.0168113513917 0.0164441409858 0.0163752890348 0.0162203721448 
coppia 3 2 
0.0168447285230 0.0169889470891 0.0166832037289 0.0167408911554 0.0167062786995 0.0164005353393 0.0163543853982 0.0161640168909 0.0158986547292 0.0158928859866 
coppia 3 3 
0.0186212250688 0.0170294286847 0.0168953826734 0.0167780924136 0.0163927101311 0.0165211708919 0.0163480281273 0.0161637148618 0.0159849868467 0.0158509408354 
coppia 3 4 
0.0171946718402 0.0169639899683 0.0166090947807 0.0167806274547 0.0166919036578 0.0165381157432 0.0166623290588 0.0162423697535 0.0164907963848 0.0159525386836 
coppia 3 5 
0.0172940968035 0.0169740474245 0.0169454715870 0.0169911929269 0.0166082767055 0.0165454098632 0.0160767661296 0.0161224874695 0.0158653049328 0.0157738622530 
coppia 3 6 
0.0175104100661 0.0171483208111 0.0172388431248 0.0168201774237 0.0167749162669 0.0167353127546 0.0166787363085 0.0162374400290 0.0162148094505 0.0158244319725 
coppia 3 7 
0.0177571249360 0.0175156515952 0.0175215411889 0.0174920932205 0.0173330741912 0.0172093927240 0.0167028876678 0.0166381021373 0.0169561401959 0.0167912315729 
coppia 3 8 
0.0175387313651 0.0173499464094 0.0173803955958 0.0171977004774 0.0170576342200 0.0167531423560 0.0167409626815 0.0163024943973 0.0161928773263 0.0161137094417 
coppia 3 9 
0.0171477946208 0.0171709908259 0.0168172486981 0.0168230477494 0.0167360619803 0.0167534591341 0.0165214970831 0.0162953340833 0.0161329606476 0.0156168450841 
coppia 3 10 
0.0173693451295 0.0172724370668 0.0172211327982 0.0169361090843 0.0168905052900 0.0168163991244 0.0167308920102 0.0165427763590 0.0163204578621 0.0161836464794 
coppia 4 1 
0.0174800835331 0.0173015939123 0.0172539966801 0.0169327153626 0.0167720747039 0.0167006788555 0.0165935850830 0.0163912968461 0.0163436996139 0.0160521665665 
coppia 4 2 
0.0167007762669 0.0166053091642 0.0166053091642 0.0162652076111 0.0162950410807 0.0161876405902 0.0159907396910 0.0158773725067 0.0156208046683 0.0157938387919 
coppia 4 3 
0.0165754477625 0.0163847260832 0.0165812272073 0.0162171221832 0.0163847260832 0.0164887560901 0.0160437388384 0.0159917238350 0.0158530171592 0.0154600149110 
coppia 4 4 
0.0189847120214 0.0173654816752 0.0170233046964 0.0166933483239 0.0166261349888 0.0165955834729 0.0164306052866 0.0162534064940 0.0160945386110 0.0157462513290 
coppia 4 5 
0.0168482301982 0.0171550981387 0.0170488746208 0.0166711910017 0.0166062766296 0.0162167903974 0.0163525204480 0.0161282707992 0.0160279485878 0.0158745146175 
coppia 4 6 
0.0173638331481 0.0171473702685 0.0168841046042 0.0172000234014 0.0165974375475 0.0163985257123 0.0160826069151 0.0163926753642 0.0160592055227 0.0158836950799 
coppia 4 7 
0.0176198588464 0.0174860063276 0.0177232903383 0.0175590167924 0.0173339011925 0.0174373326844 0.0168349963495 0.0169019226089 0.0170905329764 0.0165490386955 
coppia 4 8 
0.0171597222660 0.0171912542805 0.0172606247123 0.0170462070140 0.0169389981648 0.0166867420492 0.0163209706815 0.0162074554295 0.0158101520474 0.0159299737023 
coppia 4 9 
0.0167681003563 0.0169122903987 0.0166479419875 0.0167560845194 0.0165698390479 0.0163415381473 0.0160711818176 0.0159029601014 0.0157046987930 0.0155785325058 
coppia 4 10 
0.0174058192414 0.0171816846662 0.0171168036050 0.0170342277089 0.0167982965772 0.0168749741950 0.0162497566960 0.0159784358946 0.0161553842433 0.0157837927109 
coppia 5 1 
0.0175529108964 0.0173500205789 0.0172224895222 0.0168225057534 0.0167529433588 0.0164688969143 0.0166254123021 0.0160399288145 0.0162254285333 0.0159008040253 
coppia 5 2 
0.0170296476504 0.0167968431713 0.0165640386921 0.0164941973484 0.0161857314135 0.0162963135411 0.0159762073822 0.0159180062624 0.0156444609994 0.0154873179760 
coppia 5 3 
0.0168404441188 0.0165699148960 0.0165755509215 0.0165248266922 0.0165868229724 0.0164064701572 0.0164571943865 0.0157076029984 0.0157357831257 0.0156343346672 
coppia 5 4 
0.0169996714751 0.0171430278052 0.0167069856345 0.0165516829436 0.0166114147478 0.0163426216289 0.0162112116596 0.0158169817519 0.0160559089687 0.0158767135561 
coppia 5 5 
0.0187726380163 0.0167111029213 0.0164692468487 0.0164980392383 0.0166074503187 0.0164865222824 0.0161410136073 0.0158933990568 0.0156630599400 0.0157321616750 
coppia 5 6 
0.0171679455559 0.0170594683475 0.0168710605645 0.0168082579702 0.0165741755732 0.0163914771170 0.0163629304832 0.0155864620444 0.0161345574130 0.0158662190554 
coppia 5 7 
0.0178382804989 0.0177908066986 0.0176127799471 0.0171973841936 0.0170905681427 0.0172448579940 0.0169006729411 0.0165920932385 0.0166217643638 0.0164140664871 
coppia 5 8 
0.0173620076973 0.0173681557170 0.0169931265139 0.0170546067112 0.0164152126600 0.0166058012714 0.0165197289953 0.0162307720683 0.0158741869244 0.0158864829638 
coppia 5 9 
0.0168915951872 0.0170145496063 0.0164583272344 0.0164641822067 0.0166164114875 0.0164173424281 0.0164114874557 0.0160426241986 0.0157557305542 0.0157323106648 
coppia 5 10 
0.0169355998504 0.0173555382978 0.0172289815055 0.0169298472690 0.0163660942848 0.0166594759398 0.0164466304254 0.0166594759398 0.0158368567895 0.0156412690195 
coppia 6 1 
0.0173970174964 0.0171706519879 0.0170215820188 0.0170712720085 0.0166295832114 0.0165025976822 0.0163314432734 0.0163424854933 0.0156136989780 0.0156302623079 
coppia 6 2 
0.0166763945635 0.0164985130215 0.0164873954251 0.0160093387810 0.0162594846994 0.0160482503683 0.0159815447900 0.0155757525223 0.0153923121821 0.0155368409350 
coppia 6 3 
0.0168898741465 0.0167284545146 0.0164486604861 0.0161204405680 0.0159697822449 0.0161473438400 0.0159428789729 0.0155285685845 0.0156469429812 0.0155877557829 
coppia 6 4 
0.0167659148098 0.0168513099616 0.0165154223644 0.0164243342025 0.0164755712936 0.0160998326255 0.0162478508887 0.0160656745648 0.0156671638562 0.0153711273299 
coppia 6 5 
0.0168855947347 0.0168526043184 0.0165886809882 0.0163907384905 0.0159783582869 0.0162862688389 0.0160993231466 0.0157254317621 0.0158628918299 0.0153900291965 
coppia 6 6 
0.0188077711948 0.0169580048638 0.0166805399141 0.0166152540436 0.0161745744177 0.0161963363746 0.0160440026767 0.0159297524033 0.0155380371803 0.0155108347343 
coppia 6 7 
0.0175594362884 0.0172314339358 0.0171409505282 0.0172031578709 0.0171126744633 0.0168412242405 0.0169430180741 0.0164397041193 0.0161908747483 0.0164283936933 
coppia 6 8 
0.0171695966787 0.0170581819461 0.0170288622797 0.0168939918139 0.0166711623489 0.0163779656843 0.0164835164835 0.0160085378869 0.0158443477547 0.0160144018202 
coppia 6 9 
0.0168070514719 0.0164661036370 0.0164884608720 0.0163319602265 0.0161698702721 0.0160301375529 0.0159798337740 0.0158401010547 0.0157227255705 0.0154264922057 
coppia 6 10 
0.0171523291491 0.0168943581187 0.0169766892986 0.0165650333990 0.0164936797098 0.0164278147658 0.0163290173499 0.0160271363569 0.0159777376490 0.0156703679106 
coppia 7 1 
0.0168231289150 0.0165151540149 0.0163391683578 0.0163666661167 0.0162566750810 0.0159267019738 0.0158442086970 0.0158057118345 0.0156022284184 0.0153657476916 
coppia 7 2 
0.0162491349481 0.0161328719723 0.0158837370242 0.0156844290657 0.0155681660900 0.0155958477509 0.0154519031142 0.0152027681661 0.0149647058824 0.0150311418685 
coppia 7 3 
0.0162709613150 0.0160942194705 0.0161959799264 0.0157300241547 0.0156925334604 0.0158157171702 0.0153497613985 0.0154836567352 0.0153872520928 0.0152694241965 
coppia 7 4 
0.0164974978889 0.0162027985106 0.0163444809040 0.0160101104556 0.0158004205133 0.0157267456688 0.0156020651626 0.0154773846564 0.0152280236440 0.0151090104335 
coppia 7 5 
0.0161285019071 0.0161230216143 0.0163751150862 0.0158873690210 0.0159366916568 0.0157613222851 0.0157284405279 0.0152406944627 0.0151749309483 0.0152242535841 
coppia 7 6 
0.0168998806812 0.0164659941425 0.0165202299599 0.0159290595509 0.0161297320751 0.0159182123875 0.0156958455364 0.0154789022671 0.0154029721228 0.0153758542141 
coppia 7 7 
0.0188653759568 0.0170024763620 0.0167942368303 0.0168786582620 0.0168111211166 0.0164959477713 0.0164621791986 0.0160513282305 0.0157980639352 0.0158656010806 
coppia 7 8 
0.0167680699478 0.0167037796831 0.0165693545842 0.0161894575655 0.0163180380949 0.0159732084933 0.0156108451832 0.0156225343222 0.0154705755148 0.0153069275682 
coppia 7 9 
0.0159229998887 0.0161900522978 0.0162011794815 0.0159007455213 0.0159063091132 0.0153722042951 0.0155335484589 0.0155391120507 0.0150940247023 0.0151607878046 
coppia 7 10 
0.0167210730358 0.0164148663353 0.0165078219408 0.0160047680758 0.0163055067994 0.0158954085399 0.0158297928184 0.0155071821875 0.0152064434639 0.0152283153710 
coppia 8 1 
0.0170318719278 0.0169675786570 0.0168974405433 0.0168039230585 0.0162837320490 0.0161843697214 0.0160265589657 0.0161609903502 0.0156934029259 0.0157109374543 
coppia 8 2 
0.0164954522709 0.0162717452094 0.0163482765726 0.0160892473435 0.0158773143379 0.0159185235334 0.0156477202484 0.0155888499691 0.0151120007064 0.0151708709858 
coppia 8 3 
0.0165115974315 0.0163406699219 0.0163007868363 0.0160842786574 0.0160443955718 0.0158563753112 0.0158905608132 0.0155373106266 0.0154404517044 0.0151213870198 
coppia 8 4 
0.0166968622659 0.0166426907589 0.0165283286886 0.0164801762380 0.0162454330410 0.0158301181541 0.0157518704218 0.0157338132528 0.0156074130698 0.0156435274078 
coppia 8 5 
0.0168190468431 0.0165571585704 0.0165978967462 0.0161555965524 0.0159169872373 0.0159810043706 0.0159286267161 0.0158064121889 0.0155328844374 0.0148868933649 
coppia 8 6 
0.0172240918311 0.0166824174811 0.0165614051263 0.0165959800848 0.0164231052923 0.0158987184215 0.0163136179237 0.0157892310529 0.0151438318274 0.0155241563710 
coppia 8 7 
0.0172279761762 0.0173475733729 0.0171681775779 0.0172937546344 0.0169768220633 0.0167436075298 0.0164147152391 0.0164864735571 0.0161695409860 0.0159363264525 
coppia 8 8 
0.0186119756470 0.0167148189021 0.0168946148028 0.0169194142374 0.0161196324724 0.0164048259700 0.0162374297866 0.0158530385507 0.0154996466081 0.0154686473148 
coppia 8 9 
0.0162317880403 0.0164269954038 0.0162081265417 0.0163323494093 0.0163323494093 0.0159419346824 0.0159892576796 0.0156047583274 0.0155337738316 0.0152912434709 
coppia 8 10 
0.0168736681357 0.0167633447721 0.0167575382793 0.0166414084229 0.0165310850593 0.0163743097532 0.0160839851122 0.0159330162988 0.0157704344999 0.0152536566389 
coppia 9 1 
0.0176529031190 0.0174222621737 0.0170319467279 0.0172448460620 0.0167539948194 0.0166179758004 0.0164405596887 0.0162986267993 0.0162513158362 0.0160857274652 
coppia 9 2 
0.0170133336504 0.0166566599889 0.0165199350854 0.0163297091326 0.0165793806956 0.0161038158137 0.0162167624732 0.0159670909102 0.0157471421523 0.0154618032231 
coppia 9 3 
0.0166899030983 0.0169894802337 0.0165804422219 0.0165919644195 0.0163960870617 0.0161483598152 0.0162693428891 0.0158026938898 0.0156183387296 0.0159121547662 
coppia 9 4 
0.0170414445986 0.0167676620184 0.0167676620184 0.0168893431652 0.0166033924704 0.0165729721837 0.0163113577182 0.0160436591954 0.0162079287435 0.0162991896036 
coppia 9 5 
0.0171097068757 0.0166390134265 0.0166272460903 0.0165389910686 0.0166037114178 0.0161389016368 0.0162683423353 0.0160388792789 0.0162389239948 0.0155034654805 
coppia 9 6 
0.0169871664171 0.0173308710874 0.0168182268334 0.0168007503248 0.0166318107411 0.0165910322209 0.0162007235275 0.0166318107411 0.0158278913427 0.0158977973774 
coppia 9 7 
0.0174768581665 0.0175677887501 0.0173738035051 0.0175617267112 0.0171676941823 0.0169979570929 0.0167736616534 0.0165069319415 0.0167554755366 0.0164826837859 
coppia 9 8 
0.0176958941760 0.0174888145633 0.0171687824346 0.0168236497468 0.0167859989081 0.0168487503059 0.0164471413601 0.0163279137043 0.0160141567153 0.0158635533607 
coppia 9 9 
0.0187691094974 0.0167028950889 0.0167745557042 0.0164998566788 0.0162729313969 0.0164759698070 0.0163744506019 0.0160579495509 0.0158907414485 0.0159504586279 
coppia 9 10 
0.0176899735296 0.0172791247748 0.0170267462539 0.0168800145558 0.0164456887292 0.0166628516425 0.0166921979821 0.0163224341028 0.0163106955669 0.0161404867971 
coppia 10 1 
0.0172722156910 0.0169880598844 0.0169657731545 0.0168487678224 0.0164197482714 0.0165868987458 0.0161745942422 0.0160910190050 0.0158124348810 0.0155895675817 
coppia 10 2 
0.0165317044467 0.0163691893861 0.0160609711676 0.0163747933537 0.0162122782930 0.0159937235563 0.0159600997506 0.0154781585362 0.0156855053378 0.0154669506010 
coppia 10 3 
0.0165486557608 0.0163370499986 0.0163804563088 0.0162502373783 0.0162665147446 0.0159463932069 0.0158107484876 0.0158595805865 0.0156208458805 0.0155557364152 
coppia 10 4 
0.0166508879135 0.0167541670253 0.0168230197665 0.0165131824311 0.0163812146771 0.0162320337378 0.0161861319104 0.0158762945750 0.0160369509711 0.0156926872651 
coppia 10 5 
0.0167180499490 0.0165517011933 0.0165017965666 0.0165073415251 0.0162079137648 0.0162245486404 0.0159694805483 0.0159805704653 0.0158863061704 0.0153040855254 
coppia 10 6 
0.0169115669409 0.0167908092413 0.0168566770774 0.0165218489102 0.0165383158692 0.0160607740569 0.0166316286371 0.0159455053435 0.0156381221080 0.0158961044664 
coppia 10 7 
0.0172899327329 0.0171075133964 0.0176490708015 0.0173868430054 0.0170220043325 0.0170049025197 0.0167084710979 0.0167141717022 0.0165773571999 0.0162068179227 
coppia 10 8 
0.0174817319744 0.0169378295930 0.0168846217514 0.0166895263320 0.0169792134699 0.0165949346135 0.0162579516163 0.0161988317923 0.0157258731998 0.0155485137276 
coppia 10 9 
0.0167506453395 0.0165195630855 0.0165421076956 0.0164237484923 0.0163392062043 0.0159390393742 0.0159841285945 0.0157135932727 0.0158150440184 0.0154881471712 
coppia 10 10 
0.0185453379618 0.0167599000597 0.0167046233445 0.0164945718266 0.0167156786875 0.0164227120968 0.0161186901630 0.0160468304331 0.0160799964623 0.0159362770027 
