coppia 1 1 
0.0180300161527 0.0163184750168 0.0165324176588 0.0160938352428 0.0158638469026 0.0157996641101 0.0156873442230 0.0156285099965 0.0152808532033 0.0153771273921 
coppia 1 2 
0.0159898545641 0.0158009767680 0.0156660640566 0.0155365478535 0.0153854456167 0.0155203583282 0.0151749817868 0.0152613259221 0.0149915004992 0.0147270715847 
coppia 1 3 
0.0159305382448 0.0158415115682 0.0157472480283 0.0155325366319 0.0156320370351 0.0155953789918 0.0153387726887 0.0151607193355 0.0153021146454 0.0149826659824 
coppia 1 4 
0.0162902016147 0.0163894648608 0.0159041778797 0.0158490316319 0.0156615343892 0.0157773415097 0.0156615343892 0.0153582300260 0.0153416861517 0.0151762474081 
coppia 1 5 
0.0160468874158 0.0158655666540 0.0160148896343 0.0157215766374 0.0157962381275 0.0156362492201 0.0152469428786 0.0154602614219 0.0151989462064 0.0149696287724 
coppia 1 6 
0.0162834590719 0.0162411643731 0.0159345278061 0.0160085435292 0.0155221544920 0.0155855965403 0.0156278912392 0.0152948204854 0.0151943705756 0.0150516259668 
coppia 1 7 
0.0165791003521 0.0165516787505 0.0165516787505 0.0162719784137 0.0162500411324 0.0163103686560 0.0162116508901 0.0161184174445 0.0160745428819 0.0156303129353 
coppia 1 8 
0.0165630058788 0.0163642043680 0.0163698844111 0.0163869245406 0.0162960438499 0.0157677998353 0.0159609213030 0.0153701968135 0.0151827553889 0.0150861946551 
coppia 1 9 
0.0160035539375 0.0158626966584 0.0159602132363 0.0158301911325 0.0155376413990 0.0159439604733 0.0151963333767 0.0153209378928 0.0152613444286 0.0151909157890 
coppia 1 10 
0.0161396749715 0.0163791360245 0.0161503176850 0.0160119624099 0.0160066410532 0.0158470003512 0.0158097508541 0.0156926810059 0.0151924734730 0.0152669724673 
coppia 2 1 
0.0170477858105 0.0171229116462 0.0168628606762 0.0166085886167 0.0165623573331 0.0162965274527 0.0158804459007 0.0164178845720 0.0158977826321 0.0159151193634 
coppia 2 2 
0.0180416417138 0.0162973643970 0.0165880772831 0.0160357227994 0.0161927077580 0.0159833944799 0.0155763964393 0.0156810530784 0.0155996534702 0.0149775278939 
coppia 2 3 
0.0165515215537 0.0165515215537 0.0161843376284 0.0163820520497 0.0160205171079 0.0160883049095 0.0162012845788 0.0159188354056 0.0159301333725 0.0156589821662 
coppia 2 4 
0.0166086002004 0.0167875721854 0.0166861547272 0.0162864506276 0.0164415596812 0.0160299241159 0.0159702667876 0.0158151577340 0.0162327590321 0.0154989738940 
coppia 2 5 
0.0167993639747 0.0165689200244 0.0164997868393 0.0165055479381 0.0160273767413 0.0160792266301 0.0156932330134 0.0159236769637 0.0156989941122 0.0156068165320 
coppia 2 6 
0.0171767805512 0.0168973442142 0.0166179078773 0.0165437717062 0.0159734934675 0.0165209605767 0.0160476296385 0.0160704407681 0.0158594378197 0.0154659458350 
coppia 2 7 
0.0174910530183 0.0173962505629 0.0172895978006 0.0168511364444 0.0169577892067 0.0169103879790 0.0167800346029 0.0163119474794 0.0164126750883 0.0160275401133 
coppia 2 8 
0.0172285929676 0.0170202072825 0.0167137577455 0.0165605329770 0.0165115010511 0.0164992430696 0.0161131166531 0.0161498905975 0.0158802150050 0.0156411843662 
coppia 2 9 
0.0164459645123 0.0166213569528 0.0162881113157 0.0164108860241 0.0165044286591 0.0157911660674 0.0161302581192 0.0156274664562 0.0157736268234 0.0155865415534 
coppia 2 10 
0.0171002051335 0.0168129032999 0.0166807444565 0.0166060459798 0.0167209667132 0.0163015060362 0.0162612837795 0.0159280136526 0.0157901087725 0.0156751880391 
coppia 3 1 
0.0173698104959 0.0169886723501 0.0169662524592 0.0170110922410 0.0164505949679 0.0164674098861 0.0164225701042 0.0160638518494 0.0159965921766 0.0158452579128 
coppia 3 2 
0.0164775324331 0.0166186071971 0.0163195286974 0.0163759586030 0.0163421006597 0.0160430221600 0.0159978782355 0.0158116595471 0.0155520819814 0.0155464389908 
coppia 3 3 
0.0182474960320 0.0166876470910 0.0165562913907 0.0164413551530 0.0160637075146 0.0161895900608 0.0160199222812 0.0158393081933 0.0156641672596 0.0155328115593 
coppia 3 4 
0.0168207751328 0.0165951094189 0.0162479313976 0.0164157341079 0.0163289396026 0.0161784957934 0.0163000081008 0.0158891807756 0.0161322053905 0.0156056520582 
coppia 3 5 
0.0169093733585 0.0165964437788 0.0165685036378 0.0166132078635 0.0162388099735 0.0161773416632 0.0157191233501 0.0157638275758 0.0155123663064 0.0154229578551 
coppia 3 6 
0.0171245193239 0.0167704097159 0.0168589371179 0.0164494978836 0.0164052341826 0.0163665034443 0.0163111738180 0.0158796027333 0.0158574708828 0.0154756964617 
coppia 3 7 
0.0173495223846 0.0171135918978 0.0171193462999 0.0170905742893 0.0169352054322 0.0168143629877 0.0163194844056 0.0162561859823 0.0165669236966 0.0164058004373 
coppia 3 8 
0.0171242039921 0.0169398809630 0.0169696104838 0.0167912333589 0.0166544775631 0.0163571823549 0.0163452905466 0.0159171854468 0.0158101591719 0.0157328624177 
coppia 3 9 
0.0167582884670 0.0167809577784 0.0164352507793 0.0164409181071 0.0163559081893 0.0163729101729 0.0161462170587 0.0159251912723 0.0157665060924 0.0152621139133 
coppia 3 10 
0.0169839190658 0.0168891613946 0.0168389955687 0.0165602965358 0.0165157046905 0.0164432429419 0.0163596332321 0.0161756918703 0.0159583066247 0.0158245310889 
coppia 4 1 
0.0170700814576 0.0168957783794 0.0168492975586 0.0165355520178 0.0163786792475 0.0163089580162 0.0162043761693 0.0160068326807 0.0159603518598 0.0156756568321 
coppia 4 2 
0.0163333664008 0.0162399995332 0.0162399995332 0.0159073800673 0.0159365572135 0.0158315194874 0.0156389503230 0.0155280771677 0.0152771537110 0.0154463811586 
coppia 4 3 
0.0162425738930 0.0160556823523 0.0162482372730 0.0158914443318 0.0160556823523 0.0161576231927 0.0157215429313 0.0156705725111 0.0155346513906 0.0151495415494 
coppia 4 4 
0.0185679879998 0.0169843005779 0.0166496345567 0.0163269208933 0.0162611829249 0.0162313020301 0.0160699451984 0.0158966360089 0.0157412553562 0.0154006131560 
coppia 4 5 
0.0164739417440 0.0167739925218 0.0166701287910 0.0163008355260 0.0162373632461 0.0158565295665 0.0159892443337 0.0157699764576 0.0156718829340 0.0155218575451 
coppia 4 6 
0.0169793078987 0.0167676386291 0.0165102030309 0.0168191257487 0.0162298842684 0.0160353773720 0.0157264546541 0.0160296565809 0.0157035714899 0.0155319477577 
coppia 4 7 
0.0172162674704 0.0170854809081 0.0173173298140 0.0171568190330 0.0169368598146 0.0170379221582 0.0164493826280 0.0165147759091 0.0166990660650 0.0161699749722 
coppia 4 8 
0.0167527598032 0.0167835439999 0.0168512692324 0.0166419366954 0.0165372704269 0.0162909968539 0.0159339001730 0.0158230770652 0.0154351961877 0.0155521761349 
coppia 4 9 
0.0163853582646 0.0165262570816 0.0162679425837 0.0163736166965 0.0161916223912 0.0159685325975 0.0157043473156 0.0155399653624 0.0153462294889 0.0152229430240 
coppia 4 10 
0.0170165898777 0.0167974674055 0.0167340372162 0.0166533078844 0.0164226526505 0.0164976156015 0.0158863792318 0.0156211257129 0.0157941171383 0.0154308351449 
coppia 5 1 
0.0171124687053 0.0169146693643 0.0167903383499 0.0164003910776 0.0163325741606 0.0160556550832 0.0162082431463 0.0156374507621 0.0158182958739 0.0155018169282 
coppia 5 2 
0.0166273618412 0.0164000568263 0.0161727518113 0.0161045603069 0.0158033811621 0.0159113510442 0.0155988066487 0.0155419803949 0.0152748970024 0.0151214661173 
coppia 5 3 
0.0164778805960 0.0162131756869 0.0162186903725 0.0161690582020 0.0162297197437 0.0160532498042 0.0161028819747 0.0153694287889 0.0153970022169 0.0152977378760 
coppia 5 4 
0.0165981395620 0.0167381098183 0.0163123669554 0.0161607325110 0.0162190534511 0.0159566092205 0.0158283031522 0.0154433849474 0.0156766687079 0.0155017058875 
coppia 5 5 
0.0183242836104 0.0163119849808 0.0160759052533 0.0161040099828 0.0162108079548 0.0160927680910 0.0157555113374 0.0155138106641 0.0152889728283 0.0153564241791 
coppia 5 6 
0.0167589047356 0.0166530120885 0.0164690932803 0.0164077870109 0.0161792818249 0.0160009363139 0.0159730698278 0.0152151014061 0.0157501379391 0.0154881929698 
coppia 5 7 
0.0173985518571 0.0173522483258 0.0171786100838 0.0167734541855 0.0166692712403 0.0168197577168 0.0164840571154 0.0161830841625 0.0162120238695 0.0160094459204 
coppia 5 8 
0.0169198046793 0.0169257961116 0.0165603187442 0.0166202330667 0.0159971241125 0.0161828585123 0.0160989784608 0.0158173811450 0.0154698780744 0.0154818609389 
coppia 5 9 
0.0164794050278 0.0165993591025 0.0160567097169 0.0160624218156 0.0162109363844 0.0160167250253 0.0160110129265 0.0156511507023 0.0153712578613 0.0153484094661 
coppia 5 10 
0.0165294824430 0.0169393507237 0.0168158287761 0.0165238678091 0.0159736336788 0.0162599800119 0.0160522385546 0.0162599800119 0.0154570873525 0.0152661897971 
coppia 6 1 
0.0169122185546 0.0166921611250 0.0165472452567 0.0165955505461 0.0161661701956 0.0160427233449 0.0158763384591 0.0158870729678 0.0151785953895 0.0151946971527 
coppia 6 2 
0.0162381596752 0.0160649526387 0.0160541271989 0.0155886332882 0.0158322056834 0.0156265223275 0.0155615696888 0.0151664411367 0.0149878213802 0.0151285520974 
coppia 6 3 
0.0164830548525 0.0163255232674 0.0160524685199 0.0157321542969 0.0155851248175 0.0157584095611 0.0155588695533 0.0151545384850 0.0152700616474 0.0152123000662 
coppia 6 4 
0.0163257386773 0.0164088918454 0.0160818227174 0.0159931260048 0.0160430179056 0.0156771439659 0.0158212761240 0.0156438826986 0.0152558345806 0.0149675702644 
coppia 6 5 
0.0164384588209 0.0164063420013 0.0161494074447 0.0159567065272 0.0155552462825 0.0158550032652 0.0156730079543 0.0153090173324 0.0154428374140 0.0149824963333 
coppia 6 6 
0.0183098964540 0.0165090966871 0.0162389767220 0.0161754190832 0.0157464050211 0.0157675909007 0.0156192897434 0.0155080638754 0.0151267180424 0.0151002356929 
coppia 6 7 
0.0170806172126 0.0167615589845 0.0166735429216 0.0167340539648 0.0166460379019 0.0163819897131 0.0164810077839 0.0159914184339 0.0157493742608 0.0159804164260 
coppia 6 8 
0.0166814794558 0.0165732321506 0.0165447460176 0.0164137098061 0.0161972151956 0.0159123538661 0.0160149039448 0.0155534285910 0.0153939062464 0.0155591258176 
coppia 6 9 
0.0163502998733 0.0160186177010 0.0160403673516 0.0158881197971 0.0157304348299 0.0155944995134 0.0155455627994 0.0154096274829 0.0152954418170 0.0150072589459 
coppia 6 10 
0.0166923952118 0.0164413415878 0.0165214650849 0.0161208475998 0.0160514072357 0.0159873084381 0.0158911602417 0.0155973740859 0.0155492999877 0.0152501722655 
coppia 7 1 
0.0164105920474 0.0161101693097 0.0159384991738 0.0159653226326 0.0158580287977 0.0155361472930 0.0154556769168 0.0154181240746 0.0152196304800 0.0149889487350 
coppia 7 2 
0.0158746470798 0.0157610635743 0.0155176703482 0.0153229557673 0.0152093722618 0.0152364159536 0.0150957887563 0.0148523955302 0.0146198197808 0.0146847246411 
coppia 7 3 
0.0159271899886 0.0157541823291 0.0158537927997 0.0153976816974 0.0153609831029 0.0154815641989 0.0150254530966 0.0151565195053 0.0150621516910 0.0149468132513 
coppia 7 4 
0.0161179584288 0.0158300388691 0.0159684617344 0.0156417837724 0.0154369179319 0.0153649380419 0.0152431259205 0.0151213137991 0.0148776895563 0.0147614143495 
coppia 7 5 
0.0157459672026 0.0157406168909 0.0159867312271 0.0155105534897 0.0155587062946 0.0153874963217 0.0153553944517 0.0148792167144 0.0148150129745 0.0148631657794 
coppia 7 6 
0.0165068602002 0.0160830640462 0.0161360385655 0.0155586163056 0.0157546220268 0.0155480214017 0.0153308258728 0.0151189277957 0.0150447634688 0.0150182762091 
coppia 7 7 
0.0184068619376 0.0165892392343 0.0163860608656 0.0164684304746 0.0164025347874 0.0160950215808 0.0160620737373 0.0156612083072 0.0154140994805 0.0154799951676 
coppia 7 8 
0.0163483235703 0.0162856426504 0.0161545825451 0.0157841952910 0.0159095571308 0.0155733594694 0.0152200670116 0.0152314635425 0.0150833086408 0.0149237572083 
coppia 7 9 
0.0155410028345 0.0158016485844 0.0158125088239 0.0155192823554 0.0155247124752 0.0150034209755 0.0151608944493 0.0151663245691 0.0147319149860 0.0147970764235 
coppia 7 10 
0.0163289280470 0.0160299025497 0.0161206781471 0.0156294219730 0.0159231077293 0.0155226271526 0.0154585502603 0.0151435055400 0.0148498197837 0.0148711787478 
coppia 8 1 
0.0165399023726 0.0164774662277 0.0164093540697 0.0163185378590 0.0158133726870 0.0157168804632 0.0155636281076 0.0156941764105 0.0152400953570 0.0152571233965 
coppia 8 2 
0.0160441586551 0.0158265719210 0.0159010094879 0.0156490669537 0.0154429321530 0.0154830139198 0.0152196194523 0.0151623597854 0.0146985564838 0.0147558161507 
coppia 8 3 
0.0160991950402 0.0159325367065 0.0158936497620 0.0156825492059 0.0156436622613 0.0154603380942 0.0154936697610 0.0151492425379 0.0150548028154 0.0147437072591 
coppia 8 4 
0.0162429295827 0.0161902308206 0.0160789778782 0.0160321345341 0.0158037732314 0.0153997493881 0.0153236289539 0.0153060626998 0.0151830989214 0.0152182314295 
coppia 8 5 
0.0163562377257 0.0161015558234 0.0161411730082 0.0157110435732 0.0154790000623 0.0155412556384 0.0154903192579 0.0153714677035 0.0151054666055 0.0144772512465 
coppia 8 6 
0.0167503530519 0.0162235771447 0.0161058931654 0.0161395171594 0.0159713971890 0.0154614332788 0.0158649212078 0.0153549572975 0.0147273094080 0.0150971733429 
coppia 8 7 
0.0167391001209 0.0168553035233 0.0166809984196 0.0168030119922 0.0164950729757 0.0162684763410 0.0159489169843 0.0160186390258 0.0157107000093 0.0154841033745 
coppia 8 8 
0.0180651839014 0.0162237627576 0.0163982765261 0.0164223473907 0.0156460620065 0.0159228769497 0.0157603986135 0.0153873002118 0.0150442903909 0.0150142018101 
coppia 8 9 
0.0157751013251 0.0159648164650 0.0157521055506 0.0158728333669 0.0158728333669 0.0154934030872 0.0155393946362 0.0151657133002 0.0150967259766 0.0148610192877 
coppia 8 10 
0.0164072336365 0.0162999599135 0.0162943139281 0.0161813942196 0.0160741204966 0.0159216788902 0.0156393796191 0.0154925839981 0.0153344964063 0.0148320037038 
coppia 9 1 
0.0172392882513 0.0170140513194 0.0166328811269 0.0168407921410 0.0163614417474 0.0162286097106 0.0160553505322 0.0159167431895 0.0158705407419 0.0157088321754 
coppia 9 2 
0.0166338290935 0.0162851115024 0.0161514364259 0.0159654537106 0.0162095560244 0.0157445992363 0.0158550264735 0.0156109241597 0.0153958816452 0.0151169075724 
coppia 9 3 
0.0163506961886 0.0166441846946 0.0162434600037 0.0162547480232 0.0160628516924 0.0158201592740 0.0159386834783 0.0154815186901 0.0153009103788 0.0155887548750 
coppia 9 4 
0.0166641877621 0.0163964660737 0.0163964660737 0.0165154534908 0.0162358330607 0.0162060862064 0.0159502632597 0.0156884909421 0.0158491239551 0.0159383645180 
coppia 9 5 
0.0167242737766 0.0162641837140 0.0162526814624 0.0161664145757 0.0162296769593 0.0157753380224 0.0159018627896 0.0156775688841 0.0158731071607 0.0151542164379 
coppia 9 6 
0.0166072465914 0.0169432642694 0.0164420853599 0.0164249997152 0.0162598384837 0.0162199719795 0.0158383925826 0.0162598384837 0.0154738988302 0.0155422414088 
coppia 9 7 
0.0170713943119 0.0171602153021 0.0169707305230 0.0171542939027 0.0167694029453 0.0166036037636 0.0163845119879 0.0161239704167 0.0163667477898 0.0161002848193 
coppia 9 8 
0.0172704167560 0.0170683161344 0.0167559788101 0.0164191444407 0.0163823988731 0.0164436414857 0.0160516887650 0.0159353278011 0.0156291147380 0.0154821324678 
coppia 9 9 
0.0183366879613 0.0163180770689 0.0163880866953 0.0161197164610 0.0158980193110 0.0160963799189 0.0159971996149 0.0156879904320 0.0155246346373 0.0155829759925 
coppia 9 10 
0.0172917276237 0.0168901281102 0.0166434312662 0.0165000028686 0.0160754548114 0.0162877288400 0.0163164145195 0.0159549749574 0.0159435006856 0.0157771237443 
coppia 10 1 
0.0168044450468 0.0165279848218 0.0165063016669 0.0163924651037 0.0159750643719 0.0161376880336 0.0157365496680 0.0156552378371 0.0153841984009 0.0151673668519 
coppia 10 2 
0.0161075437907 0.0159491984449 0.0156488883065 0.0159546586293 0.0157963132835 0.0155833660944 0.0155506049884 0.0150810291355 0.0152830559560 0.0150701087669 
coppia 10 3 
0.0161595396915 0.0159529095119 0.0159952951898 0.0158681381561 0.0158840327853 0.0155714384110 0.0154389831676 0.0154866670552 0.0152535458269 0.0151899673100 
coppia 10 4 
0.0162238919451 0.0163245225636 0.0163916096426 0.0160897177870 0.0159611342189 0.0158157788810 0.0157710541616 0.0154691623060 0.0156256988237 0.0152902634286 
coppia 10 5 
0.0162828627595 0.0161208442246 0.0160722386641 0.0160776392819 0.0157860059191 0.0158022077726 0.0155537793524 0.0155645805880 0.0154727700849 0.0149057052127 
coppia 10 6 
0.0164739096261 0.0163562770354 0.0164204402667 0.0160942771745 0.0161103179823 0.0156451345556 0.0162012158932 0.0155328489009 0.0152334204884 0.0154847264775 
coppia 10 7 
0.0168259762450 0.0166484519325 0.0171754772353 0.0169202860360 0.0165652374110 0.0165485945067 0.0162601174989 0.0162656651337 0.0161325218993 0.0157719256395 
coppia 10 8 
0.0169970857212 0.0164682619517 0.0164165291916 0.0162268424048 0.0165084985429 0.0161348730536 0.0158072322399 0.0157497513953 0.0152899046393 0.0151174621058 
coppia 10 9 
0.0163062860403 0.0160813339113 0.0161032804604 0.0159880610772 0.0159057615178 0.0155162102699 0.0155601033682 0.0152967447781 0.0153955042494 0.0150772792863 
coppia 10 10 
0.0180623973727 0.0163234541980 0.0162696169480 0.0160650353980 0.0162803843980 0.0159950469730 0.0156989420980 0.0156289536730 0.0156612560230 0.0155212791731 
