coppia 1 1 
4155 7 0 0 5 9 0 3 0 3 1 5 0 3 0 2 5 0 3 3 14 0 2 8 0 0 0 3 0 0 0 4 0 0 0 5 0 0 3 12 0 11 0 4 9 2 0 10 0 7 17 14 0 7 0 13 3 4 0 0 0 0 1 0 0 7 0 2 11 0 0 0 4 12 15 1 0 5 0 5 5 0 9 6 14 0 4 5 2 13 0 5 5 0 0 0 14 0 0 14 
coppia 1 2 
0 597 416 250 157 117 48 30 23 18 0 1 0 1 8 0 1 0 0 0 0 0 0 0 0 0 0 0 1 0 3 3 4 7 0 6 0 4 2 0 0 0 7 0 6 0 0 0 3 0 0 0 0 4 11 0 0 8 7 1 4 0 0 0 0 0 5 0 1 3 2 2 3 8 2 5 7 0 0 0 1 0 0 6 0 7 8 0 1 3 4 5 4 5 0 0 0 3 0 0 
coppia 1 3 
0 0 132 161 138 120 87 64 31 32 30 1 0 9 1 11 2 9 3 0 0 0 0 0 1 0 0 0 0 3 0 0 2 2 5 0 0 5 0 2 1 3 1 3 1 1 2 0 0 2 0 1 0 1 0 5 2 6 0 1 4 0 1 3 0 0 0 0 1 0 1 0 0 0 0 1 5 0 2 0 0 2 0 0 0 0 5 0 5 0 0 4 4 5 3 0 3 0 0 0 
coppia 1 4 
1 876 949 969 880 791 751 659 622 491 473 378 335 282 240 206 138 151 104 66 70 68 67 46 52 28 9 0 0 0 0 7 0 14 0 19 0 0 0 5 0 0 2 0 14 31 15 0 14 4 14 10 17 9 0 19 18 20 8 9 11 35 18 0 0 0 4 0 10 11 8 0 0 0 11 8 8 26 13 10 0 0 10 0 23 0 10 0 18 11 6 0 11 5 28 19 29 18 2 0 
coppia 1 5 
0 3 107 182 228 179 160 117 99 59 36 23 21 2 13 2 4 7 2 8 0 0 0 1 0 0 0 0 0 0 0 0 4 0 7 0 3 0 0 0 5 0 1 2 5 6 0 0 0 0 0 5 0 0 0 0 0 0 1 5 2 3 0 0 0 0 0 1 1 4 7 2 3 0 9 3 15 0 0 0 0 0 0 0 0 4 1 0 2 1 3 3 4 7 1 0 1 0 0 3 
coppia 1 6 
5 0 3 42 52 103 106 104 101 84 52 48 37 0 0 0 0 0 5 0 0 0 0 0 0 0 0 0 0 0 0 0 0 3 0 11 2 5 0 0 6 10 0 0 0 9 0 8 4 1 0 0 6 18 0 0 0 6 20 0 8 0 0 0 7 16 0 0 0 0 0 7 0 0 6 9 10 38 0 4 8 17 0 0 23 0 0 20 0 0 0 0 14 7 0 0 10 2 0 1 
coppia 1 7 
1 0 0 41 90 94 115 102 105 84 52 63 38 35 17 20 18 7 10 8 7 2 1 0 0 0 0 3 0 0 0 0 0 0 0 0 7 1 7 0 6 0 7 0 1 2 8 2 0 5 0 6 5 6 0 0 0 1 7 6 7 2 2 0 4 0 0 5 6 8 0 0 0 0 3 2 0 0 0 1 1 0 2 0 0 0 0 3 1 0 8 5 3 5 0 5 3 7 0 1 
coppia 1 8 
0 0 0 17 112 135 191 269 326 286 264 288 236 247 168 127 115 114 66 83 42 0 0 0 0 0 0 0 3 6 0 0 0 0 0 0 0 0 1 0 1 0 0 0 0 4 23 0 7 0 3 10 16 0 0 4 35 0 0 15 0 7 0 29 0 1 0 0 0 17 0 0 0 21 14 12 15 36 26 13 5 28 37 18 0 11 28 7 0 21 8 0 0 0 12 2 10 0 4 0 
coppia 1 9 
0 0 3 5 7 53 33 60 97 96 88 53 73 66 63 68 51 86 31 55 42 22 29 21 8 15 0 8 10 0 8 16 1 23 0 20 0 0 0 15 22 0 0 21 15 0 0 28 0 18 0 8 15 0 0 5 0 19 0 18 0 0 1 0 10 1 0 0 0 0 16 8 3 0 0 13 31 5 0 0 2 0 0 0 0 0 10 0 0 0 0 2 0 10 0 11 15 26 19 0 
coppia 1 10 
6 2 3 8 0 2 3 33 0 4 0 8 18 2 0 0 11 0 13 38 14 0 0 0 24 4 7 0 13 7 21 0 0 0 5 0 9 0 0 19 0 0 7 0 0 19 0 16 8 31 8 7 0 8 27 0 10 0 2 7 7 22 12 27 8 0 0 6 6 12 0 0 0 8 0 26 0 0 8 0 8 0 0 0 0 21 0 12 0 6 0 0 5 1 0 0 5 0 0 0 
coppia 2 1 
0 0 3 0 0 0 7 0 0 2 0 7 0 2 1 0 5 6 10 4 0 0 2 5 0 0 2 3 0 2 5 0 0 1 5 0 4 16 6 3 0 0 0 0 2 8 5 1 0 5 1 1 0 4 0 11 8 1 0 0 0 6 0 5 10 1 0 4 4 7 10 3 2 0 0 0 0 3 2 0 4 4 2 0 3 1 0 9 4 0 0 0 0 0 5 7 0 0 2 6 
coppia 2 2 
1763 140 52 7 0 0 0 0 0 0 0 0 0 0 0 0 0 0 0 0 0 0 0 0 0 0 0 1 0 0 2 1 8 2 0 0 0 4 1 2 5 0 0 0 0 0 0 0 0 0 0 0 4 2 0 0 0 0 10 0 0 0 0 0 0 0 3 3 3 1 0 7 4 4 0 0 0 0 0 0 0 0 2 0 2 3 0 0 2 6 0 4 0 0 0 0 0 0 0 0 
coppia 2 3 
31 435 288 167 109 52 32 9 7 4 0 0 1 0 0 0 0 0 0 0 0 0 0 0 0 0 0 0 0 0 0 0 0 8 1 0 0 0 2 0 6 0 4 2 1 0 0 2 7 0 0 0 0 0 4 1 0 0 2 0 0 2 0 1 0 0 1 1 0 2 0 0 2 5 0 4 0 1 0 0 0 0 0 2 0 0 1 0 0 0 0 1 1 0 0 2 0 0 1 0 
coppia 2 4 
343 782 818 771 696 620 584 489 429 362 308 244 204 170 137 93 75 56 56 59 25 16 23 4 12 15 2 0 0 0 0 0 0 0 0 15 6 0 0 2 6 0 16 14 0 2 4 3 1 9 9 13 7 19 3 1 1 0 13 13 12 11 12 0 9 8 6 0 4 4 10 10 6 4 4 19 17 3 5 0 2 0 2 1 5 0 0 0 0 0 1 12 7 15 6 8 0 0 0 0 
coppia 2 5 
42 374 369 296 201 134 82 37 31 17 10 2 0 4 0 0 0 0 0 0 0 0 0 0 0 0 0 0 2 0 3 2 3 2 1 0 0 0 1 2 0 8 6 5 1 0 0 0 2 0 0 0 0 0 0 0 1 0 0 5 1 3 0 0 3 0 0 3 3 5 0 4 1 4 5 5 0 0 0 0 0 0 0 0 0 3 0 2 0 3 0 7 9 0 2 0 0 0 0 0 
coppia 2 6 
0 17 108 143 190 148 140 83 49 21 0 9 0 0 0 0 0 0 0 0 0 0 0 0 0 0 0 1 0 6 0 0 7 1 0 0 4 0 0 2 0 3 9 0 0 7 16 7 0 6 0 7 0 0 6 2 17 4 3 0 0 2 2 0 0 5 6 0 0 6 0 0 8 15 14 0 10 0 0 0 0 0 4 2 0 0 0 0 0 0 3 10 13 14 5 3 13 11 4 1 
coppia 2 7 
2 13 144 203 191 173 152 114 65 36 46 29 17 8 9 4 3 3 4 0 2 0 0 0 0 0 0 0 0 0 0 0 0 1 2 0 3 3 0 0 0 2 0 3 4 1 0 0 1 6 0 1 0 0 0 0 0 1 0 4 0 0 0 0 4 0 0 0 0 0 2 0 4 0 0 2 4 0 1 0 0 0 0 0 0 0 2 1 0 3 0 0 0 1 0 3 2 0 0 1 
coppia 2 8 
0 0 143 238 336 384 394 407 369 342 328 258 199 165 129 130 68 60 47 0 0 0 0 0 0 0 0 0 0 0 0 0 0 0 8 0 0 14 0 0 0 0 0 18 0 20 0 22 25 19 8 7 1 2 1 0 0 15 10 7 16 9 2 0 7 0 3 0 8 25 5 0 0 11 6 14 23 34 1 0 0 6 0 0 0 2 4 3 0 0 0 0 0 11 14 21 0 18 29 6 
coppia 2 9 
0 2 0 45 88 123 133 125 117 121 92 84 87 107 77 75 55 52 34 30 5 8 28 10 5 0 6 0 6 0 3 0 3 0 8 0 0 0 0 0 10 0 9 15 7 3 10 8 1 3 5 16 5 0 0 1 5 3 18 6 0 0 0 0 0 4 1 0 0 9 0 0 7 12 2 0 8 0 1 0 0 0 0 5 11 0 0 0 0 0 1 0 0 0 0 15 9 0 6 0 
coppia 2 10 
0 10 13 3 11 0 16 0 0 0 11 18 5 3 16 0 0 5 5 9 0 16 0 2 13 14 5 0 0 12 0 0 0 0 0 0 7 0 0 11 0 10 7 0 9 24 10 12 12 0 0 0 16 0 10 4 8 0 1 11 0 8 0 0 0 0 1 0 0 0 0 6 9 3 0 0 16 0 0 0 0 9 3 0 0 0 0 0 0 1 0 0 3 0 0 0 7 1 0 0 
coppia 3 1 
0 4 0 0 9 3 0 0 0 0 0 0 2 4 0 0 1 2 0 4 0 0 0 0 0 3 8 0 6 1 0 0 8 7 1 0 1 3 0 0 0 5 7 0 0 0 0 2 3 0 0 3 0 0 2 0 2 0 0 3 7 0 2 3 0 6 3 7 4 1 0 0 0 2 0 0 5 0 0 0 0 0 2 0 0 3 5 0 4 0 0 0 0 0 0 0 0 0 4 2 
coppia 3 2 
31 16 0 0 0 0 0 0 0 0 0 0 0 0 0 0 0 0 0 0 0 0 0 0 0 0 0 0 0 0 2 4 0 0 1 5 0 0 2 5 0 0 0 3 0 0 0 0 0 0 1 0 1 0 1 3 2 0 0 0 3 2 0 2 1 1 0 1 2 2 1 2 1 0 0 0 0 0 0 0 0 0 0 4 0 0 0 3 0 3 0 0 0 0 3 0 0 0 0 2 
coppia 3 3 
931 106 60 25 11 1 0 0 0 0 0 0 0 0 0 0 0 0 0 0 0 0 0 0 0 0 0 0 0 0 0 1 1 0 0 0 0 0 0 1 0 0 1 0 0 0 2 3 0 0 0 0 1 2 0 0 0 1 0 0 0 0 2 0 0 1 0 0 0 0 0 1 0 0 1 0 0 0 0 0 0 2 0 0 0 0 0 0 0 0 0 0 0 0 0 0 0 0 0 0 
coppia 3 4 
411 588 549 493 447 399 337 256 241 201 154 123 113 63 60 46 44 35 24 3 9 0 1 7 0 2 4 0 0 4 0 0 0 7 0 1 0 4 0 3 4 0 2 3 6 0 0 0 5 7 5 6 0 4 1 0 4 0 5 8 0 12 5 7 8 1 6 0 9 8 21 2 0 0 3 0 0 0 0 2 0 2 0 0 0 0 0 0 0 1 0 0 1 0 0 0 0 0 0 0 
coppia 3 5 
182 121 117 65 54 22 12 7 6 1 0 0 0 0 0 0 0 0 0 0 0 0 0 0 0 0 0 0 0 0 0 0 0 0 1 0 0 1 2 0 2 0 0 0 0 1 0 0 0 0 0 0 0 0 0 3 0 0 0 0 0 0 0 0 4 0 0 0 5 0 1 0 0 0 0 0 0 0 2 0 0 0 0 0 0 0 0 0 1 0 4 1 0 4 0 0 1 0 0 0 
coppia 3 6 
26 68 77 87 64 51 26 8 0 0 0 0 0 0 0 0 0 0 0 0 0 0 0 0 0 0 0 0 10 13 0 0 0 2 0 8 0 4 4 1 0 0 0 1 5 14 0 0 9 4 0 8 0 6 8 12 3 5 0 0 0 0 0 2 3 3 0 0 0 0 0 4 4 10 0 6 4 0 0 0 0 2 0 0 0 0 0 0 10 10 3 5 7 0 1 6 1 0 4 4 
coppia 3 7 
44 320 282 212 157 142 76 54 38 34 19 14 8 9 5 7 0 0 0 1 0 0 0 0 0 0 0 0 0 0 0 0 1 1 1 1 3 0 1 0 0 0 0 0 3 1 0 0 0 3 0 0 0 0 0 0 0 0 0 0 0 0 1 0 0 2 0 0 0 0 0 0 0 0 0 1 0 0 0 0 0 0 0 0 0 0 0 0 0 0 0 0 4 2 4 0 0 1 0 0 
coppia 3 8 
67 127 146 181 204 205 187 182 158 144 101 88 62 51 38 10 23 0 0 0 0 0 0 0 0 0 0 0 0 0 1 1 0 0 7 0 10 0 0 0 5 7 0 0 6 0 16 11 16 2 0 11 0 3 0 15 13 10 15 8 12 0 0 15 5 8 0 7 5 0 0 0 2 8 0 13 2 1 2 11 8 0 0 5 11 5 8 0 0 0 0 4 8 12 3 19 18 17 0 17 
coppia 3 9 
1 4 92 143 158 162 152 126 127 102 117 94 99 82 72 56 26 44 23 15 8 13 16 7 10 11 0 6 0 1 2 0 0 0 0 0 0 0 5 0 2 0 10 14 13 5 11 0 0 2 0 0 0 0 5 0 4 4 0 0 0 0 0 0 5 0 0 0 0 3 0 0 0 3 0 0 0 0 0 0 0 0 0 0 0 0 0 0 0 0 0 11 0 3 3 11 2 0 0 0 
coppia 3 10 
0 2 15 0 0 1 0 0 0 8 5 4 7 2 0 3 12 9 0 1 2 0 8 5 6 0 1 0 0 2 3 0 0 0 0 7 0 4 0 8 12 2 0 0 6 0 0 4 0 2 3 4 2 4 0 0 0 0 4 0 0 0 2 0 8 0 0 6 5 6 0 8 0 1 0 6 0 3 0 0 0 0 7 0 0 0 0 0 0 0 0 0 0 0 0 5 9 3 0 0 
coppia 4 1 
0 0 0 2 0 0 0 0 0 6 18 5 17 10 0 9 11 7 0 26 0 14 0 0 0 0 17 11 2 0 2 0 16 11 8 1 8 23 1 2 0 0 31 4 0 7 7 4 16 6 10 23 22 4 9 0 12 0 26 8 8 21 2 12 18 2 0 11 12 0 8 5 0 5 5 3 3 15 0 26 8 7 9 0 0 9 19 9 0 0 0 0 0 0 0 2 21 9 0 3 
coppia 4 2 
342 0 0 0 0 0 0 0 0 0 0 0 0 0 0 0 0 0 0 0 0 0 0 0 0 0 2 11 14 18 3 15 7 3 17 1 5 15 0 7 5 0 1 0 0 2 0 0 4 10 1 3 15 9 0 5 5 0 11 3 1 0 11 0 1 0 3 0 8 0 0 10 0 0 0 0 3 0 5 0 5 12 5 0 0 0 1 0 0 0 0 0 0 0 0 0 0 0 0 4 
coppia 4 3 
412 199 71 23 0 0 0 0 0 0 0 0 0 0 0 0 0 0 0 0 0 0 1 0 0 0 0 9 6 20 15 0 11 12 8 6 5 0 21 5 1 22 13 10 10 5 9 8 3 1 8 5 0 5 9 7 0 1 4 0 15 0 0 0 8 4 0 0 4 0 1 0 2 1 4 3 0 0 0 5 0 0 0 2 0 0 0 0 0 2 5 3 0 0 2 0 0 0 0 0 
coppia 4 4 
10349 2450 2195 1806 1556 1292 1069 829 683 562 416 363 290 213 170 95 88 66 51 28 9 26 33 0 0 0 0 0 0 12 4 20 20 18 22 27 23 55 14 22 36 37 28 39 76 76 8 57 38 46 37 31 33 58 41 67 52 10 55 71 47 49 41 7 55 48 19 18 16 25 0 8 17 28 15 14 0 8 34 0 3 13 19 13 0 0 0 32 0 7 5 0 2 0 0 0 0 0 0 0 
coppia 4 5 
532 494 352 223 114 74 52 18 5 4 0 0 2 0 0 0 0 0 0 0 0 0 0 0 0 0 3 0 11 4 13 12 8 12 6 8 8 0 15 2 18 6 16 4 2 0 0 0 0 0 4 6 0 5 9 0 9 17 8 5 7 0 0 12 8 0 13 1 15 0 0 0 2 1 0 0 0 6 0 5 1 0 0 15 0 0 6 0 0 8 4 9 0 0 0 0 2 0 0 0 
coppia 4 6 
297 291 279 196 176 99 24 30 0 0 0 0 0 0 0 0 0 0 0 0 0 0 0 0 16 0 11 0 17 4 35 12 6 0 0 0 0 1 11 5 2 4 29 64 15 16 21 12 14 26 26 26 0 22 0 5 0 0 11 6 26 0 15 12 0 12 0 0 8 2 20 0 13 7 5 2 2 0 0 0 3 0 43 0 3 10 15 21 0 35 12 29 0 12 9 4 3 24 9 20 
coppia 4 7 
523 544 424 325 224 165 114 87 52 29 9 8 0 0 0 0 0 0 0 0 0 0 0 0 0 0 0 0 0 0 3 12 4 5 15 8 3 7 1 6 9 5 2 8 14 6 8 24 17 2 4 4 5 3 0 6 5 6 0 4 2 2 0 4 0 6 7 10 0 1 8 0 6 0 0 0 0 2 0 0 5 1 0 0 0 3 1 5 0 2 2 5 13 0 0 1 0 0 0 0 
coppia 4 8 
789 911 1015 1027 961 883 853 704 596 459 346 286 212 140 79 40 0 0 0 0 0 0 0 0 3 0 0 0 0 0 0 0 0 0 29 0 0 18 0 0 0 9 0 32 47 60 42 78 61 54 50 58 25 3 31 57 0 7 0 0 12 16 5 29 0 38 83 44 9 46 21 52 65 44 14 29 12 25 14 5 0 20 0 16 0 48 31 28 10 5 47 40 47 24 9 35 2 14 46 0 
coppia 4 9 
318 433 453 500 436 410 353 328 330 271 249 217 164 157 150 93 60 34 28 12 14 5 0 0 0 0 29 0 0 4 14 48 18 0 35 36 30 39 35 30 16 41 34 22 1 18 12 50 31 37 25 22 28 10 0 43 25 2 0 0 0 6 0 4 0 0 0 7 0 0 10 29 7 1 19 0 19 0 0 0 0 0 11 0 0 0 0 0 14 0 2 15 31 8 37 12 18 0 0 16 
coppia 4 10 
26 44 36 10 0 2 0 44 15 26 52 15 33 18 2 0 20 0 8 0 0 0 52 0 0 8 1 0 0 8 0 27 1 18 41 41 33 1 0 0 14 4 0 39 41 54 32 21 25 46 35 8 18 30 2 0 0 9 25 0 0 37 30 0 0 11 1 7 0 11 0 2 0 0 0 0 0 0 0 0 3 0 16 0 0 0 0 0 0 0 0 12 15 0 8 17 8 0 0 44 
coppia 5 1 
0 3 0 0 0 3 3 0 0 0 1 0 0 2 0 6 7 3 2 9 0 0 6 7 6 0 0 0 8 2 0 3 0 0 0 0 3 0 1 0 0 5 4 11 0 0 1 3 6 1 0 1 0 0 11 0 3 2 8 0 0 1 0 1 0 3 1 0 1 2 0 0 0 3 0 0 0 0 4 0 0 0 0 4 6 0 1 0 0 0 0 0 0 14 2 2 2 0 1 0 
coppia 5 2 
42 7 0 0 0 0 0 0 0 0 0 0 0 0 0 0 0 0 0 0 0 0 0 0 5 2 0 1 0 5 2 7 1 0 0 2 0 0 2 0 0 0 0 0 0 0 0 2 2 3 3 0 4 5 0 3 0 2 0 0 3 0 3 0 0 0 3 0 0 1 0 3 0 0 0 0 1 0 0 0 0 0 1 0 0 1 0 3 0 8 2 0 0 0 0 1 2 0 0 1 
coppia 5 3 
183 100 60 34 22 9 2 0 0 0 0 0 0 0 0 0 0 0 0 0 0 0 0 0 0 4 0 0 2 0 3 1 0 1 5 0 1 6 0 1 1 2 0 0 0 0 2 1 0 0 3 1 3 5 6 0 1 0 1 0 0 0 1 4 0 0 0 0 0 1 0 1 1 0 0 0 0 4 0 0 0 0 0 0 0 0 0 0 1 0 2 2 3 4 1 0 0 2 1 0 
coppia 5 4 
532 516 470 422 392 336 260 233 202 157 128 103 76 62 48 41 31 19 9 1 4 24 0 6 11 6 3 0 1 0 0 3 8 4 3 4 4 4 6 0 2 7 0 11 14 12 0 8 7 2 9 4 8 0 6 10 15 6 11 17 4 6 8 10 10 8 8 6 2 0 4 0 2 11 0 4 5 0 1 3 3 6 0 0 0 2 0 0 0 3 0 0 0 4 11 2 0 8 1 5 
coppia 5 5 
1359 195 116 53 13 11 0 0 0 0 0 0 0 0 0 0 0 0 0 0 0 0 0 0 0 0 1 3 2 3 7 1 1 3 0 0 2 3 3 3 2 0 0 2 0 0 0 0 0 0 0 0 0 1 2 3 0 0 0 1 0 3 0 4 1 1 2 0 0 0 1 3 5 0 0 0 0 0 0 0 0 0 0 0 0 0 0 0 2 0 0 4 1 0 0 0 0 0 1 0 
coppia 5 6 
85 358 299 248 144 66 25 0 0 0 0 0 0 0 0 0 0 0 0 0 0 0 0 0 0 0 0 2 0 0 0 5 2 4 0 0 4 8 6 0 0 10 12 2 0 7 0 0 0 0 0 5 12 12 5 21 0 0 2 0 0 0 0 2 3 11 0 0 0 0 16 15 14 5 0 0 2 0 0 0 0 6 2 2 0 0 4 9 0 3 5 3 11 4 0 7 0 0 0 8 
coppia 5 7 
115 136 112 84 61 38 21 8 10 1 3 0 0 0 0 0 0 0 0 0 0 0 0 0 0 0 0 0 0 0 0 1 2 0 2 2 0 0 0 3 0 0 6 0 0 0 0 1 0 0 0 1 2 0 1 0 5 2 0 2 0 0 0 1 2 1 0 0 0 3 0 2 0 1 3 0 0 0 1 0 0 0 0 0 0 0 1 0 0 0 0 1 0 0 0 3 0 0 0 1 
coppia 5 8 
101 522 521 579 568 546 478 404 373 267 208 182 135 100 89 40 26 2 0 0 0 0 0 0 0 0 0 0 0 0 0 0 0 0 0 4 0 0 0 7 0 10 9 15 26 14 29 25 0 1 0 0 2 3 10 22 31 11 0 2 0 0 0 0 5 0 0 6 0 0 0 0 16 18 15 3 0 5 1 0 0 0 8 0 12 10 15 3 0 0 0 0 3 2 1 0 16 5 5 15 
coppia 5 9 
38 64 101 109 87 83 66 72 57 34 37 34 32 38 21 18 26 0 7 6 7 5 0 2 2 0 0 0 11 11 0 0 5 0 0 0 8 1 0 0 2 2 10 5 12 10 5 4 6 8 2 0 0 5 9 2 9 12 0 0 0 0 0 3 0 0 0 5 0 0 4 2 8 0 0 0 0 0 0 3 9 0 0 0 0 0 0 0 0 0 0 0 0 0 3 0 3 0 0 0 
coppia 5 10 
8 9 0 0 0 0 3 0 4 23 12 5 0 10 0 9 10 0 7 3 1 0 0 6 0 0 1 12 15 0 0 2 3 0 0 1 9 11 18 2 4 4 15 28 0 1 14 1 0 0 0 17 16 4 0 4 0 0 1 0 1 0 0 1 0 0 0 0 3 7 6 0 0 0 0 2 11 0 0 10 6 0 0 0 0 0 0 0 0 6 1 0 0 0 0 3 0 0 0 0 
coppia 6 1 
5 3 9 0 5 9 18 2 14 0 0 6 13 14 0 4 5 0 7 7 0 2 8 4 4 0 1 11 10 3 0 0 0 17 0 0 0 0 23 0 0 15 0 7 0 0 0 0 0 3 0 4 7 0 10 20 0 10 0 1 0 5 10 1 10 0 0 0 0 0 0 0 0 0 5 0 3 0 21 0 0 22 2 0 8 0 0 10 8 9 0 0 0 0 0 12 21 6 0 0 
coppia 6 2 
0 3 0 4 0 2 0 5 0 0 5 4 0 3 14 3 0 0 3 0 10 0 1 8 0 3 0 0 8 4 8 11 0 0 7 0 0 0 0 1 0 0 0 14 0 0 0 1 1 0 6 0 2 0 4 1 2 0 11 0 0 0 0 0 0 0 0 0 0 0 0 0 5 0 0 2 1 4 2 0 3 14 0 5 1 0 4 0 4 0 16 2 6 11 0 0 0 10 4 0 
coppia 6 3 
27 25 12 9 4 5 2 3 0 2 0 0 7 0 0 9 6 1 5 4 0 0 5 3 11 0 0 0 0 1 0 5 7 9 4 13 2 0 0 0 0 4 0 2 7 12 0 0 0 0 6 2 2 0 0 0 0 0 0 0 0 0 0 0 0 0 6 0 1 0 0 0 0 0 4 0 9 0 9 0 1 5 3 9 4 0 0 0 5 0 0 0 11 0 5 5 0 0 6 1 
coppia 6 4 
298 189 206 234 136 131 114 95 90 89 73 54 43 9 42 9 16 4 23 3 32 11 15 5 17 27 2 4 0 0 16 20 19 1 7 0 5 11 16 15 20 2 0 0 0 0 0 0 20 7 3 0 7 10 3 0 13 3 0 20 0 13 6 5 7 0 3 0 0 0 0 0 0 0 0 0 0 25 0 3 0 0 12 0 19 0 4 3 0 25 9 18 0 26 25 0 0 10 4 0 
coppia 6 5 
85 48 5 0 0 0 0 0 0 0 0 0 0 0 0 0 0 5 0 0 0 0 0 4 6 10 6 4 2 4 0 0 12 0 0 4 3 14 0 2 0 0 0 0 0 6 0 0 0 0 5 7 1 0 0 0 8 0 0 3 0 0 3 9 0 0 0 0 0 4 6 1 0 0 2 0 0 0 2 0 2 0 9 2 7 0 1 1 5 0 0 0 0 0 5 1 0 0 0 0 
coppia 6 6 
8640 241 63 0 0 0 0 0 0 0 0 0 0 0 0 0 0 0 0 0 0 0 0 0 0 13 42 12 33 20 34 41 56 44 64 21 48 0 1 9 0 0 0 0 0 0 0 27 14 0 0 4 0 20 0 0 15 0 0 0 12 13 14 15 28 0 0 12 11 11 1 8 0 11 0 1 0 0 0 0 23 0 0 0 0 0 0 2 0 8 0 12 0 2 18 0 23 0 16 0 
coppia 6 7 
73 60 36 21 0 0 0 0 0 0 0 0 0 2 0 1 0 0 0 5 10 0 8 0 0 1 5 0 11 0 1 0 4 4 8 4 4 14 8 8 0 1 4 0 0 0 17 15 8 0 0 0 0 5 0 0 3 4 0 0 0 0 0 0 0 6 0 0 1 0 3 1 0 0 2 0 0 6 0 5 2 10 2 0 12 11 3 0 2 9 4 0 0 0 1 0 7 4 0 0 
coppia 6 8 
72 3676 3183 2669 2227 1919 1450 1131 726 581 381 211 84 0 0 0 0 0 0 0 0 0 0 0 0 0 0 0 0 16 0 7 45 39 39 59 43 41 65 66 81 66 69 39 22 15 0 0 0 0 3 0 0 12 0 0 13 0 0 0 0 0 0 5 0 20 0 5 0 0 37 0 0 39 57 0 6 0 0 0 4 0 8 10 7 0 0 0 0 0 0 32 9 0 0 15 28 29 17 19 
coppia 6 9 
73 66 53 28 25 48 0 56 0 8 0 0 16 1 0 25 0 5 0 4 0 6 0 0 0 23 0 38 23 9 9 16 9 12 12 0 4 1 32 10 16 14 0 10 5 0 0 27 0 0 27 0 5 22 34 2 6 28 13 0 0 7 15 10 0 2 0 0 8 0 25 40 11 0 0 0 0 0 8 0 0 0 0 0 1 0 0 0 14 12 14 0 1 0 9 1 0 0 34 0 
coppia 6 10 
22 0 23 5 0 14 12 14 35 5 0 0 20 0 30 2 17 7 0 2 0 0 0 0 3 14 19 0 0 0 34 0 35 13 0 32 0 0 1 3 0 0 0 0 0 0 27 52 17 25 0 0 33 3 0 3 0 0 14 0 14 0 0 8 4 23 0 5 10 0 46 4 12 0 20 26 28 0 0 37 0 3 0 0 0 0 5 0 12 0 16 0 0 28 29 0 0 0 0 42 
coppia 7 1 
0 1 5 0 3 0 0 0 4 4 0 2 3 0 3 2 4 0 0 0 0 11 0 2 4 2 1 5 0 6 5 0 1 0 0 3 0 0 1 5 3 4 0 0 0 0 0 0 0 1 0 0 0 0 0 2 2 0 0 8 0 2 4 3 7 5 1 0 0 0 0 3 0 0 1 0 0 0 1 3 0 1 0 0 2 0 0 0 0 0 0 1 0 7 0 0 0 5 0 2 
coppia 7 2 
1 0 0 0 0 0 0 0 0 0 0 0 0 0 0 0 0 0 0 0 0 0 0 0 0 0 0 1 1 0 0 2 1 0 3 0 0 0 2 0 0 0 0 0 0 0 0 0 0 0 0 0 0 0 0 1 0 0 2 0 2 4 0 3 0 1 2 0 2 0 0 0 0 0 0 0 0 0 0 0 0 0 3 0 0 0 0 1 0 0 0 0 2 0 0 0 0 0 0 0 
coppia 7 3 
44 21 3 4 0 0 0 0 0 0 0 0 0 0 0 0 0 0 0 0 0 0 0 0 0 0 0 0 1 1 1 1 1 3 2 1 0 0 2 0 0 1 1 0 2 0 2 0 0 0 0 1 0 1 0 0 0 2 0 1 0 1 0 0 0 0 0 0 0 0 0 0 1 0 0 0 0 0 0 0 0 0 0 0 0 0 0 0 2 0 0 0 0 0 0 0 0 0 0 0 
coppia 7 4 
521 489 408 354 297 235 203 179 133 113 90 83 53 38 35 22 28 4 0 2 0 0 0 2 1 5 1 0 0 6 1 0 1 0 0 0 6 4 0 0 11 0 5 3 0 6 0 12 1 0 3 0 0 0 1 1 5 5 0 5 1 5 4 6 2 0 1 10 9 12 0 0 0 0 0 3 1 0 0 0 0 0 0 0 0 0 0 0 0 0 0 0 0 0 0 0 0 0 0 1 
coppia 7 5 
114 80 49 27 13 7 0 0 0 0 0 0 0 0 0 0 0 0 0 0 0 0 0 0 0 0 0 0 1 0 0 0 0 2 0 0 1 3 0 0 0 0 0 0 1 0 0 0 0 0 0 0 0 1 0 0 0 1 0 2 0 0 0 0 0 1 3 2 0 0 0 0 0 0 0 0 0 0 0 0 0 0 0 0 0 1 0 1 6 0 0 1 0 2 4 2 0 0 0 0 
coppia 7 6 
72 85 66 39 27 18 0 0 0 0 0 0 0 0 0 0 0 0 0 0 0 6 1 0 0 2 12 4 0 0 0 0 4 0 5 0 0 0 2 2 3 6 12 3 3 3 4 7 5 0 2 0 8 10 10 9 0 0 0 3 1 0 3 1 0 0 0 3 0 3 5 0 10 0 2 8 0 0 0 1 0 0 0 0 0 10 9 9 5 11 1 5 0 4 13 10 8 5 6 3 
coppia 7 7 
1042 210 160 101 83 45 32 26 20 14 11 7 0 4 0 0 0 1 0 0 0 0 0 0 0 0 0 0 0 0 0 4 1 0 2 0 1 1 0 2 1 0 0 2 0 0 0 2 1 0 0 1 0 0 0 0 0 0 0 0 1 3 1 0 0 0 0 0 0 0 0 0 0 0 0 0 0 0 0 0 0 0 0 0 0 0 0 0 0 0 2 3 0 0 0 0 0 0 0 0 
coppia 7 8 
131 136 202 180 187 163 156 124 102 68 73 51 41 27 0 20 0 0 0 0 0 0 0 3 0 0 3 0 6 6 0 0 0 0 0 0 0 0 0 0 0 11 3 7 10 19 7 11 13 3 0 0 5 6 1 11 9 20 2 6 0 17 0 0 0 5 0 0 0 0 0 0 0 0 11 7 1 11 11 0 0 1 13 12 11 0 10 5 11 3 19 23 0 12 24 21 18 25 40 22 
coppia 7 9 
126 324 301 295 243 206 215 181 153 148 119 110 87 79 38 32 38 26 18 11 15 27 6 12 0 1 0 0 2 12 0 0 0 0 0 4 0 0 1 6 13 14 5 2 16 12 6 0 1 0 0 0 0 1 2 0 0 0 0 0 0 0 1 4 2 0 0 0 3 0 0 0 0 0 0 0 0 0 3 0 0 0 0 0 3 0 0 3 0 0 0 1 1 8 0 0 0 0 2 0 
coppia 7 10 
1 10 0 0 0 0 0 5 16 7 2 15 3 0 13 0 10 0 2 0 5 6 0 0 0 0 0 0 2 0 0 0 0 4 0 0 3 7 0 4 0 0 0 0 0 0 0 0 3 0 1 0 1 4 0 0 0 0 0 0 1 10 0 6 0 0 7 1 2 0 9 0 10 0 2 0 3 2 0 6 1 0 0 0 0 6 0 8 0 0 0 0 0 0 0 0 1 0 0 0 
coppia 8 1 
0 11 0 27 28 12 34 17 0 0 34 5 28 11 22 11 0 1 29 5 44 1 0 3 0 0 28 0 9 11 0 12 0 0 0 0 19 21 0 16 7 6 0 0 10 43 32 13 3 0 0 13 27 50 0 16 3 39 13 14 7 0 4 0 0 0 0 0 0 15 0 14 0 52 0 3 6 0 13 6 15 0 0 4 2 6 26 0 0 0 0 0 9 17 27 32 0 16 21 0 
coppia 8 2 
0 0 0 0 0 2 0 0 8 0 0 4 0 0 0 1 0 1 0 0 10 8 0 2 7 7 0 30 0 11 3 0 0 0 0 0 0 11 0 0 0 2 0 0 3 6 14 9 18 7 15 9 2 0 0 0 12 4 0 4 2 0 0 0 1 0 0 0 0 2 0 7 4 14 12 16 30 0 5 14 0 2 4 0 0 2 16 18 7 19 0 1 0 0 0 0 0 16 4 1 
coppia 8 3 
69 35 22 0 0 0 0 0 0 0 0 5 3 3 5 0 2 0 0 1 0 11 22 4 0 0 0 5 7 4 9 16 9 9 0 0 0 0 0 13 0 0 5 7 4 0 0 8 0 8 0 0 12 3 0 4 0 0 13 0 5 0 7 9 4 0 0 0 0 3 0 2 6 0 17 17 9 8 3 2 0 0 0 1 0 0 3 0 6 11 3 0 0 0 0 0 0 0 0 6 
coppia 8 4 
802 718 617 536 379 376 333 273 181 145 110 96 83 51 85 36 77 36 70 55 47 0 21 27 29 0 35 34 17 41 4 0 30 20 0 0 5 14 0 0 16 0 0 26 0 4 20 23 12 26 9 12 13 36 26 14 0 27 37 51 12 27 38 44 44 25 0 0 0 0 0 0 0 0 0 9 49 48 8 6 30 0 0 0 0 14 23 64 26 45 0 36 3 0 4 0 15 28 0 36 
coppia 8 5 
103 0 0 0 0 0 0 0 0 0 0 0 0 0 0 0 0 0 0 0 5 5 28 11 10 0 12 0 6 0 8 0 0 0 0 0 0 0 0 0 0 0 0 0 0 0 0 0 4 0 7 2 0 0 7 14 0 0 15 14 4 19 32 0 0 0 0 0 1 0 0 0 0 0 0 0 0 12 8 0 0 6 2 0 0 0 0 0 0 4 1 0 6 0 0 0 0 0 7 10 
coppia 8 6 
74 0 0 0 0 0 0 0 0 0 0 0 0 0 0 0 0 0 0 0 0 34 108 85 95 124 130 79 92 121 70 76 120 27 28 18 0 0 0 0 0 0 0 0 0 0 0 0 0 0 23 0 0 0 14 0 27 0 23 48 28 39 40 32 18 5 0 0 53 0 41 0 0 0 0 0 17 0 0 0 0 24 20 14 5 36 9 11 0 19 0 19 0 1 0 0 0 26 26 21 
coppia 8 7 
134 32 9 0 0 0 0 0 0 0 3 0 0 0 2 1 5 0 13 10 3 0 8 10 9 9 6 14 3 15 8 12 6 24 0 5 11 6 5 0 5 16 0 0 5 12 5 0 0 0 0 0 0 0 0 7 2 0 0 0 1 0 0 6 4 10 0 19 0 0 0 0 0 18 5 5 10 5 2 14 6 12 9 0 13 0 0 9 12 0 0 0 0 0 0 0 0 0 0 0 
coppia 8 8 
23658 4700 3812 2822 2159 1329 754 359 0 0 0 0 0 0 0 0 0 0 0 0 0 0 0 0 0 0 0 38 127 106 104 145 80 144 190 194 134 118 103 106 105 43 62 0 0 0 0 0 0 0 0 0 0 0 14 0 0 0 0 0 38 69 43 97 49 0 51 45 0 133 42 58 16 0 0 0 0 0 0 0 0 0 0 0 0 0 42 20 31 0 0 22 0 50 0 52 0 18 74 48 
coppia 8 9 
204 182 106 89 93 34 31 65 43 12 13 40 23 7 12 0 0 0 0 22 29 1 0 19 18 14 54 39 18 17 18 27 44 51 1 0 0 3 0 0 15 2 0 34 7 5 6 0 0 0 5 22 0 0 1 7 38 17 0 12 11 0 0 0 37 18 0 0 41 4 14 32 0 0 0 1 0 5 0 0 0 0 6 0 0 5 0 15 35 27 0 0 0 48 19 2 0 20 6 4 
coppia 8 10 
19 0 0 0 23 28 50 50 0 29 24 0 0 0 0 0 0 3 0 0 0 0 13 18 0 2 0 0 0 35 43 0 52 40 12 21 0 2 0 0 36 3 60 7 18 47 23 17 0 2 0 37 0 27 11 5 8 0 16 0 0 39 0 0 34 2 10 0 11 53 4 35 44 0 16 0 0 0 0 0 0 0 0 33 0 0 0 13 0 1 0 0 9 30 0 0 0 0 0 4 
coppia 9 1 
0 6 14 19 6 0 1 0 12 0 10 0 34 0 15 10 0 6 7 0 0 5 3 0 2 0 0 11 6 0 0 0 0 1 0 5 0 0 10 0 0 0 2 0 8 0 0 0 0 0 2 25 0 0 10 16 2 0 0 0 0 0 0 5 0 7 16 0 13 0 0 0 0 0 14 0 6 1 0 21 0 0 0 0 0 0 0 0 20 0 0 0 0 0 0 19 5 0 11 7 
coppia 9 2 
0 0 0 0 4 2 0 0 0 0 0 0 0 15 0 0 0 0 0 6 0 0 0 0 4 0 0 0 0 3 2 0 0 1 0 7 0 7 0 0 0 0 0 0 0 0 0 1 0 0 0 0 0 0 0 0 1 0 0 0 0 0 0 0 0 0 0 0 6 0 0 0 0 1 0 0 8 9 0 0 0 8 0 0 0 0 0 0 0 0 0 0 0 0 0 0 0 0 0 0 
coppia 9 3 
1 8 0 11 6 4 2 1 0 0 0 7 0 0 3 0 0 0 7 0 0 0 0 0 4 1 3 2 0 0 4 0 0 0 0 8 0 6 0 2 4 0 1 0 0 7 1 1 0 2 0 0 0 8 1 0 4 10 1 0 0 4 0 0 0 0 0 0 0 2 0 3 0 3 2 0 0 7 4 0 0 0 9 0 0 0 0 0 0 0 6 0 5 2 0 7 0 0 0 0 
coppia 9 4 
312 299 261 234 139 181 139 141 106 51 65 35 23 18 30 10 15 0 15 0 3 0 0 0 0 0 0 0 17 0 5 3 0 0 0 0 2 23 0 24 3 6 0 0 0 10 6 6 23 0 0 0 0 0 0 0 0 0 0 0 0 0 0 0 0 0 0 0 0 0 0 0 16 0 0 0 0 0 0 11 21 4 0 6 0 0 0 0 0 0 0 0 0 0 0 7 0 0 2 9 
coppia 9 5 
37 23 11 0 1 6 3 0 4 0 0 0 0 0 0 4 0 0 0 0 1 0 11 0 0 0 0 0 6 5 0 2 1 0 13 6 2 6 11 0 0 2 5 0 0 0 0 0 0 0 0 1 0 1 0 5 0 0 0 0 0 0 0 0 0 0 10 5 4 2 0 0 0 0 3 5 1 2 12 9 0 4 1 0 11 0 0 0 0 0 0 0 0 0 1 0 0 0 0 0 
coppia 9 6 
72 59 43 9 3 12 5 0 0 0 0 0 0 0 0 16 0 6 0 30 0 0 3 0 0 0 24 0 0 4 36 22 0 14 13 4 22 0 12 23 23 0 15 0 0 24 0 0 0 15 15 2 20 0 0 0 0 0 3 35 0 20 0 4 0 0 8 0 0 0 8 0 8 16 0 13 22 0 27 5 8 27 18 6 1 0 0 4 13 0 0 0 13 6 0 31 8 13 0 16 
coppia 9 7 
125 76 50 38 25 27 18 19 5 1 11 0 6 0 0 0 1 0 0 0 1 0 14 0 6 1 0 0 10 1 0 4 0 0 0 0 0 0 0 0 0 2 2 0 0 0 3 0 1 2 0 0 0 0 0 0 0 3 6 3 1 0 0 0 0 0 0 0 0 0 0 0 0 0 0 0 0 0 8 8 0 0 3 19 9 3 0 0 0 0 0 0 0 0 0 0 0 1 0 0 
coppia 9 8 
202 179 195 178 157 101 101 87 57 76 61 41 24 72 28 14 0 0 0 0 0 0 0 0 0 0 0 0 0 0 0 0 4 0 14 25 0 49 0 31 83 104 78 30 40 0 0 0 0 4 55 6 89 62 40 37 0 0 0 0 0 25 0 0 0 0 0 0 0 0 0 15 0 7 0 9 6 24 69 49 0 33 66 52 7 75 77 20 29 27 0 0 0 0 12 30 14 43 0 0 
coppia 9 9 
11309 693 562 417 375 283 242 227 179 184 165 96 85 80 60 24 30 9 0 0 3 0 17 20 0 4 4 31 32 0 10 0 0 20 16 0 31 17 0 31 55 0 0 33 38 4 4 0 0 11 6 0 0 0 11 0 2 0 0 0 6 0 4 8 23 0 0 0 0 0 0 22 8 0 0 5 0 0 0 6 0 0 0 1 22 1 18 0 9 10 8 0 0 0 0 0 20 0 0 6 
coppia 9 10 
56 0 30 7 0 0 0 35 41 10 1 0 25 0 0 0 0 0 0 0 0 5 0 0 4 0 6 0 0 22 0 4 0 4 30 0 8 11 61 0 0 58 0 8 20 40 19 0 0 0 0 30 19 0 27 35 1 24 0 41 0 43 28 0 16 39 0 0 0 10 12 39 0 0 24 12 9 4 43 0 18 1 0 23 38 0 14 9 23 3 1 1 13 0 15 0 2 8 26 19 
coppia 10 1 
2 0 31 0 0 5 11 23 0 6 0 0 0 26 3 3 11 4 22 11 26 0 7 0 0 10 7 0 0 0 6 8 20 0 0 0 0 0 3 0 0 0 8 10 3 2 0 11 0 0 0 0 0 0 0 0 0 5 14 0 0 0 0 11 9 15 0 0 0 17 0 0 6 10 0 14 0 0 0 20 12 0 0 2 0 0 0 0 0 19 6 11 0 5 0 0 0 0 2 2 
coppia 10 2 
0 0 3 0 0 0 0 6 13 13 0 2 0 0 0 8 13 10 12 5 6 7 3 10 0 0 0 0 13 0 5 4 7 14 0 14 3 0 0 0 0 0 0 7 18 2 0 5 0 1 2 0 0 0 0 0 0 0 5 0 5 6 0 7 0 0 0 3 0 0 0 0 7 8 3 0 0 5 12 3 0 0 20 0 1 0 8 0 10 2 2 0 11 0 0 6 6 2 0 0 
coppia 10 3 
0 0 0 0 6 0 0 0 0 7 1 3 6 1 3 6 0 10 5 4 7 16 9 10 0 0 0 0 0 9 11 0 8 5 2 0 10 0 4 0 0 0 0 1 15 10 2 0 0 0 4 6 0 0 0 1 0 0 2 0 0 5 1 0 2 0 0 0 0 0 0 0 0 1 0 0 0 0 1 7 0 9 0 9 4 8 0 6 2 1 15 0 0 6 3 0 1 6 7 3 
coppia 10 4 
17 19 0 0 0 3 0 5 30 7 24 0 0 9 0 25 0 0 5 17 23 33 8 30 71 7 0 0 27 0 2 49 6 32 0 0 0 19 20 31 0 28 0 0 0 23 0 8 11 0 19 14 9 0 0 0 0 0 0 0 0 8 0 0 0 0 21 0 0 0 3 14 0 0 0 0 0 2 0 0 0 0 0 0 23 0 6 0 0 13 0 32 3 0 0 0 5 26 52 27 
coppia 10 5 
6 19 27 0 0 0 0 1 1 7 5 2 0 0 8 10 0 0 0 2 2 13 5 0 0 13 5 0 0 14 0 4 0 5 15 0 0 6 9 0 8 4 12 0 0 0 13 0 0 3 0 13 0 0 0 0 0 0 0 0 5 0 10 1 0 0 1 0 0 4 0 0 10 0 0 11 26 1 0 13 11 7 1 0 0 3 3 2 0 0 0 23 7 0 5 5 0 0 0 0 
coppia 10 6 
25 0 20 28 24 0 0 0 16 16 4 7 1 0 0 0 0 6 7 6 4 0 0 0 42 16 0 45 0 0 0 0 0 3 12 4 0 32 35 16 0 2 15 60 0 41 13 0 6 0 21 0 23 0 21 0 10 21 3 0 4 0 31 35 31 0 17 9 38 4 0 0 5 29 1 0 15 36 0 12 6 24 3 8 0 0 1 0 0 4 0 0 0 11 11 8 14 8 0 0 
coppia 10 7 
0 2 0 0 3 0 0 0 0 0 0 2 0 6 6 6 0 1 12 6 9 2 15 4 2 5 15 0 0 0 0 5 5 4 4 18 0 9 0 3 0 5 0 0 0 0 6 0 6 0 0 0 0 2 4 0 0 0 0 0 0 1 0 0 0 0 0 0 0 0 0 0 0 0 0 0 5 0 0 0 6 0 7 0 0 0 6 0 7 19 4 15 3 0 5 10 10 0 5 3 
coppia 10 8 
26 72 5 55 22 0 0 0 6 0 29 33 12 0 36 58 0 0 0 34 23 18 0 15 0 27 0 0 34 11 15 0 0 0 18 0 0 0 38 27 0 0 57 70 50 64 13 85 10 14 92 41 0 40 6 0 80 0 0 95 15 0 0 0 55 81 61 0 28 26 90 0 0 0 5 59 23 46 64 32 80 82 72 0 28 2 0 0 0 11 0 0 0 46 0 0 3 33 0 8 
coppia 10 9 
52 1615 1359 1127 899 718 584 399 407 303 270 202 179 154 143 127 85 32 45 72 17 3 0 16 0 28 34 0 31 17 17 41 25 16 24 0 11 33 0 19 34 0 6 55 0 12 0 0 0 0 0 19 0 0 0 25 0 0 0 0 5 0 14 0 0 0 17 6 12 0 13 0 0 27 34 4 0 0 0 30 0 0 0 0 0 0 0 2 0 0 25 12 0 0 1 0 0 20 19 0 
coppia 10 10 
15661 9 29 28 0 11 49 0 0 0 52 0 0 27 0 0 34 59 10 0 15 0 0 21 65 0 27 37 28 0 0 16 0 22 0 0 0 66 0 8 12 4 6 0 0 1 0 18 7 0 0 0 38 0 0 0 0 8 20 0 26 0 54 3 4 31 0 17 0 0 52 0 0 7 0 0 13 43 0 9 23 0 0 0 0 43 0 0 33 21 49 4 0 58 26 13 0 0 0 0 
