coppia 1 1 
585 276 283 274 276 286 278 304 264 284 292 281 281 285 292 285 285 280 284 280 301 297 290 267 276 286 276 265 292 278 271 294 290 281 264 292 285 282 279 285 272 283 290 277 279 271 284 264 275 271 268 275 276 282 270 271 257 265 278 285 275 249 269 279 276 275 279 270 263 259 276 260 270 266 285 263 271 270 261 273 263 278 268 264 268 262 267 272 280 273 268 264 256 254 273 267 270 264 267 259 
coppia 1 2 
285 296 294 281 268 280 275 281 282 287 306 278 289 290 280 284 288 280 286 271 298 271 284 287 304 293 273 275 283 282 288 276 281 264 282 275 281 284 273 270 263 286 265 274 261 287 273 285 274 282 273 268 284 278 270 267 288 268 256 267 265 279 266 276 270 274 265 263 281 277 283 278 274 274 268 270 263 258 263 257 275 270 262 268 269 266 262 263 263 260 282 254 262 254 254 260 266 268 260 260 
coppia 1 3 
312 305 303 297 318 314 301 316 300 296 294 295 299 309 300 298 286 318 288 299 298 321 302 291 303 304 299 311 296 291 300 287 294 297 289 287 288 294 286 296 295 297 295 300 287 310 293 288 299 295 307 281 303 282 294 289 289 285 288 283 288 285 290 290 284 292 277 298 289 259 273 280 282 280 286 286 281 281 283 280 275 276 282 280 277 275 282 286 265 270 286 289 287 279 275 273 289 263 283 278 
coppia 1 4 
311 301 309 291 299 301 284 303 288 302 293 297 292 306 307 284 288 297 288 288 284 299 308 293 292 287 297 286 298 276 299 305 279 271 279 285 274 279 282 290 279 277 290 287 291 278 282 272 273 283 279 281 279 292 283 266 275 289 289 279 276 284 294 270 268 273 268 268 271 267 270 275 275 271 269 278 266 253 269 266 277 279 292 263 268 279 268 275 274 277 274 263 264 268 278 264 284 277 274 271 
coppia 1 5 
281 275 270 285 306 270 285 285 280 268 274 290 275 281 292 283 277 280 293 273 276 276 288 270 293 272 266 275 266 285 272 279 282 282 261 280 279 282 279 273 275 260 289 265 269 262 275 273 263 272 289 273 278 268 261 276 261 279 269 281 260 265 263 257 267 262 276 257 266 265 272 266 267 269 277 252 259 262 263 271 251 274 274 254 268 259 257 253 261 266 266 263 265 247 256 256 248 259 239 255 
coppia 1 6 
285 296 286 299 292 295 312 294 285 283 296 311 282 285 287 299 298 303 280 278 270 293 298 279 281 295 283 296 302 279 268 280 282 293 287 277 287 290 301 291 282 289 288 296 290 277 294 295 295 293 295 281 274 289 288 290 295 296 282 289 284 279 276 275 291 279 270 276 273 298 290 277 269 259 290 275 275 288 272 285 275 275 271 264 289 284 273 271 273 278 262 268 290 279 274 278 262 281 262 273 
coppia 1 7 
285 291 297 288 280 282 283 299 279 278 304 299 294 283 292 287 272 285 282 292 298 287 279 295 278 280 301 295 282 278 281 288 289 292 286 275 285 274 274 270 282 274 263 282 281 275 285 306 286 274 257 290 267 289 284 283 272 270 273 272 276 290 275 279 272 289 279 266 270 284 265 274 279 267 279 270 267 265 263 284 272 268 268 279 283 276 277 256 271 272 272 258 273 265 263 288 269 269 271 269 
coppia 1 8 
280 300 286 299 295 290 301 291 290 292 287 303 288 274 282 293 286 290 288 288 287 290 287 284 295 290 291 291 276 267 270 285 281 269 284 286 297 278 295 290 286 283 292 292 268 278 274 297 298 267 282 267 281 261 282 276 282 270 280 269 272 281 285 271 273 274 259 275 272 282 278 275 269 272 264 265 267 256 272 266 282 270 279 289 266 274 259 267 262 265 280 270 262 274 254 258 259 269 262 284 
coppia 1 9 
290 278 290 281 287 287 283 299 289 293 287 284 289 278 294 286 286 283 285 275 278 287 288 285 281 282 275 285 292 275 287 295 292 290 292 288 278 278 286 291 279 286 288 268 286 288 279 292 268 276 293 280 269 288 256 258 274 286 279 281 275 266 280 270 285 265 276 292 278 266 281 275 273 289 275 274 260 279 272 265 271 274 262 269 292 268 276 269 265 250 254 278 266 270 269 263 274 263 276 280 
coppia 1 10 
303 297 310 303 293 300 303 303 292 289 291 306 295 280 305 295 295 301 296 303 289 284 293 290 292 294 293 293 294 297 289 302 285 277 296 312 293 287 299 292 288 303 278 289 290 285 287 292 312 285 304 284 289 286 276 292 292 298 275 283 295 286 278 285 274 287 289 279 271 279 287 266 280 289 281 258 293 279 282 293 289 267 278 282 262 277 298 285 255 283 269 266 280 282 293 276 264 276 273 269 
coppia 2 1 
285 270 274 273 276 298 285 281 288 288 270 296 297 286 269 284 286 293 296 292 289 293 281 279 281 289 274 283 280 281 264 285 271 266 283 272 286 273 283 269 273 289 279 272 273 281 260 281 270 273 285 292 280 279 255 277 276 280 273 275 255 272 269 259 280 277 284 272 266 282 273 276 286 273 268 279 278 252 259 263 259 281 260 278 268 275 257 267 291 251 258 253 255 268 273 264 258 254 257 249 
coppia 2 2 
591 291 285 286 299 292 304 300 294 290 271 279 293 282 283 288 282 282 282 278 277 284 288 271 276 277 278 271 278 294 285 284 265 286 294 291 285 281 275 270 277 284 274 288 253 281 273 278 268 267 286 286 273 275 271 274 271 267 280 273 271 287 265 273 269 270 262 283 265 274 274 264 273 265 265 259 277 269 256 262 255 263 272 262 259 269 280 250 262 261 262 277 269 260 251 269 261 248 272 267 
coppia 2 3 
307 303 318 313 299 309 302 293 294 293 307 288 313 307 307 297 305 297 298 302 319 309 299 299 292 301 326 305 300 300 307 306 306 298 290 319 290 280 313 285 289 305 300 284 297 295 284 278 292 285 284 290 278 288 298 301 292 279 291 286 283 298 300 289 296 287 289 284 288 285 300 290 286 287 284 285 290 291 286 282 279 276 269 280 277 278 276 265 286 269 283 299 279 272 272 265 276 273 265 274 
coppia 2 4 
294 299 288 293 286 272 285 286 297 277 309 312 304 280 291 300 298 274 287 294 286 304 294 291 275 295 297 297 299 294 270 287 278 292 290 293 296 289 299 275 281 297 290 292 288 302 277 276 282 285 290 314 286 284 259 276 279 276 282 286 271 270 280 270 280 279 284 274 281 279 282 274 274 284 273 267 269 265 271 276 274 270 271 276 268 271 271 279 274 275 269 248 260 274 256 278 272 272 273 267 
coppia 2 5 
285 289 294 293 285 293 285 289 280 289 293 281 291 291 285 266 299 279 282 277 279 269 288 282 281 286 264 292 266 282 272 287 268 278 264 294 269 260 282 262 270 283 267 285 258 277 266 268 261 274 266 275 265 271 279 270 278 274 265 274 259 265 260 261 270 257 263 264 250 257 249 275 266 265 271 265 263 258 274 269 271 262 244 265 275 248 263 246 262 267 248 251 260 252 252 255 241 268 254 268 
coppia 2 6 
278 300 289 292 296 276 294 279 282 311 305 278 291 296 302 298 308 275 297 294 290 289 298 291 301 285 297 294 299 274 291 305 294 305 288 277 286 267 281 280 289 276 288 285 300 284 296 290 277 289 293 279 286 287 276 276 274 278 278 293 281 286 283 285 276 276 291 277 279 288 273 277 288 259 280 279 280 261 278 275 272 277 275 273 268 273 286 281 254 260 280 264 270 265 276 268 257 266 263 269 
coppia 2 7 
292 290 297 295 271 297 293 285 284 294 288 303 293 283 287 275 286 286 294 295 276 286 277 299 289 285 279 279 294 283 285 299 279 290 275 300 290 295 292 285 280 273 288 270 286 270 294 282 285 273 274 285 293 262 274 277 279 281 271 296 269 276 266 272 275 265 273 272 275 267 278 270 277 264 265 274 275 271 266 272 292 271 279 281 271 266 274 273 274 260 264 270 267 263 266 262 269 281 272 250 
coppia 2 8 
295 296 287 287 290 286 288 294 280 289 288 290 294 305 289 299 292 289 292 302 289 285 296 288 276 268 296 284 291 290 284 296 279 285 285 301 273 272 294 271 276 253 275 277 279 275 279 282 264 272 285 289 282 274 259 281 291 280 261 266 280 268 289 282 280 263 271 272 279 274 280 280 276 280 250 266 272 279 272 267 273 275 264 250 269 277 275 256 259 267 268 250 272 261 256 256 262 280 270 270 
coppia 2 9 
280 283 289 291 297 295 278 285 302 298 294 283 304 304 290 279 294 283 280 287 293 298 297 265 293 271 278 291 295 286 272 279 287 287 285 282 276 286 285 291 280 266 278 285 302 275 292 277 265 293 299 276 260 273 271 271 280 274 283 277 271 276 288 280 276 265 270 289 282 269 267 276 268 258 271 275 267 261 278 282 281 280 274 264 265 269 263 269 273 276 257 265 268 266 261 263 278 254 257 266 
coppia 2 10 
301 308 296 292 317 307 306 300 307 295 305 296 298 311 316 278 294 293 291 297 286 298 293 304 292 302 298 294 293 304 316 289 281 300 289 294 298 303 290 289 291 281 302 305 280 291 273 287 293 291 295 293 288 278 286 285 291 293 290 287 283 286 276 281 293 295 291 279 282 275 281 282 290 294 274 283 284 287 285 279 278 274 264 266 281 270 280 267 277 261 268 285 288 267 278 269 272 278 276 288 
coppia 3 1 
312 301 295 314 300 302 302 310 292 296 313 289 289 302 319 311 303 295 292 301 308 314 298 290 290 298 282 299 302 295 300 308 302 297 305 297 294 289 300 300 282 291 309 294 281 299 289 280 307 301 295 287 283 305 291 305 297 296 283 296 290 287 290 291 288 274 293 287 287 279 273 274 281 288 284 293 292 270 288 283 287 290 269 284 300 277 279 279 284 293 281 267 291 274 283 288 285 273 279 279 
coppia 3 2 
307 300 305 307 308 316 300 299 314 303 304 309 280 289 296 301 304 296 285 294 294 298 310 299 285 299 305 295 298 291 292 306 294 296 298 284 280 317 284 303 295 300 277 287 303 291 301 301 284 276 293 304 282 278 271 296 297 302 288 295 278 298 291 293 291 290 298 291 283 298 293 282 276 301 278 273 282 281 291 285 283 294 289 281 284 277 271 288 278 273 306 283 274 293 278 275 293 281 281 276 
coppia 3 3 
622 308 317 327 325 308 330 319 314 321 320 326 309 320 300 320 326 309 315 311 332 328 299 329 319 326 317 307 315 314 307 315 314 308 317 332 326 310 303 310 296 315 324 307 300 298 316 313 305 313 317 304 300 317 302 304 308 303 317 311 308 299 311 311 301 303 315 296 295 297 291 316 300 298 290 304 284 296 306 306 279 314 306 305 303 300 288 295 299 300 284 299 314 299 302 287 291 296 297 296 
coppia 3 4 
309 300 311 301 310 317 303 320 317 310 317 312 302 311 313 337 316 325 299 305 308 309 310 320 308 318 303 301 296 297 306 307 304 306 278 303 303 302 295 318 298 307 310 309 297 311 311 291 303 305 301 304 299 300 305 306 291 288 311 291 283 297 294 287 287 290 282 289 284 293 287 271 284 313 295 290 289 300 282 294 288 292 270 280 298 288 294 290 285 280 281 272 288 279 272 276 264 283 285 268 
coppia 3 5 
313 304 295 300 317 316 287 290 302 294 308 313 285 295 301 294 292 296 297 308 289 291 293 294 283 317 290 296 301 302 298 299 286 291 290 284 298 296 286 293 297 291 298 291 289 295 306 275 272 279 281 288 296 290 284 280 296 284 283 283 292 290 286 282 287 271 294 285 279 290 279 274 291 274 275 277 284 272 274 286 292 281 286 279 284 286 275 284 285 271 269 266 297 276 271 267 272 271 279 264 
coppia 3 6 
301 327 318 310 317 312 317 320 310 305 325 302 303 307 316 313 304 315 314 310 320 304 307 301 305 317 304 308 298 308 316 310 320 313 304 292 315 294 292 295 301 293 322 306 300 296 305 312 288 324 297 292 291 316 279 325 299 313 300 307 301 288 293 295 294 305 291 300 293 302 298 302 287 301 294 281 293 284 280 289 288 293 277 292 288 290 278 278 308 282 294 292 292 286 290 270 286 278 276 297 
coppia 3 7 
303 298 303 323 312 325 319 292 299 307 301 300 304 308 293 298 308 307 305 307 304 303 295 304 304 288 312 292 304 300 296 303 293 314 292 286 304 285 291 320 305 296 316 283 305 293 294 298 289 292 293 284 303 295 297 292 289 296 299 295 295 292 296 294 274 298 279 293 308 287 297 277 273 287 286 304 276 285 297 284 284 298 263 289 287 298 289 268 283 280 285 279 280 293 275 282 296 289 275 289 
coppia 3 8 
324 292 310 303 311 293 310 314 311 307 300 301 289 302 298 298 308 317 303 300 301 303 310 308 293 289 317 313 301 298 309 292 298 307 304 309 310 305 290 295 300 295 296 314 294 304 287 288 294 303 296 294 293 305 306 301 278 306 307 295 297 291 288 289 287 280 296 281 293 278 286 279 299 290 278 291 292 290 292 282 273 275 290 279 287 298 287 281 280 280 285 284 276 286 281 282 278 272 280 273 
coppia 3 9 
297 303 301 289 308 321 302 302 307 294 318 296 305 298 293 300 305 321 293 307 297 307 299 321 303 316 310 282 306 297 296 295 291 292 293 297 311 288 299 290 302 292 308 296 287 305 298 283 293 313 285 297 303 300 306 290 298 279 292 289 298 294 286 285 301 302 314 288 294 282 300 293 318 284 288 283 287 297 299 283 288 291 273 285 277 271 284 297 279 275 287 292 282 277 285 292 273 281 295 281 
coppia 3 10 
329 315 323 316 314 318 313 322 316 328 317 324 325 310 312 308 325 313 302 317 315 311 309 295 326 303 306 334 298 305 314 330 328 315 311 319 307 297 315 304 302 292 304 298 308 308 288 296 300 306 295 314 304 303 284 301 308 293 285 301 308 295 299 299 293 311 307 285 295 302 300 297 304 292 309 294 300 304 306 293 302 298 305 285 299 305 309 287 301 286 312 290 304 284 296 292 303 298 293 291 
coppia 4 1 
311 284 292 295 278 296 308 294 294 290 293 298 290 293 291 308 292 291 296 289 289 301 296 289 288 289 292 275 299 290 301 305 284 281 290 305 294 314 287 289 303 282 272 290 288 278 292 275 277 293 294 297 282 280 287 276 278 278 273 290 295 283 274 281 284 301 275 269 294 288 286 287 285 297 285 294 279 276 280 275 276 280 271 277 285 279 285 279 275 276 279 273 272 276 268 272 294 270 279 270 
coppia 4 2 
294 291 278 301 291 298 293 286 305 292 300 294 299 287 301 294 296 293 290 295 285 289 293 286 295 305 296 278 283 291 270 289 285 270 274 290 271 282 277 296 291 296 305 294 283 288 294 277 283 290 296 286 280 300 286 298 276 283 297 306 291 293 281 283 277 279 274 290 297 270 278 273 280 295 276 292 294 274 263 282 281 259 286 283 279 286 270 289 269 273 273 274 275 289 258 260 296 272 288 280 
coppia 4 3 
309 302 326 327 308 321 333 300 320 311 316 308 314 295 302 319 309 314 312 318 319 317 314 311 315 296 318 307 304 308 295 291 301 307 307 316 302 298 302 297 316 300 303 316 295 302 303 297 315 292 295 303 306 286 318 299 304 294 294 293 284 302 288 292 287 303 287 291 296 297 302 310 295 303 291 296 295 303 297 298 300 298 288 295 292 297 300 298 290 289 301 292 288 300 290 282 307 295 281 305 
coppia 4 4 
606 304 308 309 318 305 296 311 327 299 303 306 309 298 313 314 315 301 304 303 298 282 304 308 303 309 302 294 304 287 302 308 300 295 304 304 306 297 307 300 298 296 284 295 287 294 276 281 287 284 286 301 290 300 288 269 292 290 291 290 283 294 283 290 286 292 283 286 295 284 279 288 277 278 286 292 282 284 277 296 285 272 279 285 286 277 280 292 292 265 280 286 282 293 299 298 290 285 297 285 
coppia 4 5 
299 280 294 279 290 274 292 290 305 288 280 298 293 287 284 293 292 284 293 291 299 292 289 290 297 285 299 289 287 286 282 288 275 305 288 276 299 280 278 282 286 272 277 291 281 279 284 293 294 287 291 298 292 270 267 279 266 284 269 286 287 287 285 277 282 287 278 285 277 264 288 278 274 273 262 271 279 275 290 277 267 271 278 263 275 267 272 287 282 283 271 263 273 253 284 286 268 260 261 251 
coppia 4 6 
298 293 309 306 314 293 297 306 304 294 308 302 307 291 293 280 306 289 316 297 301 299 290 302 296 296 315 302 307 287 292 304 302 288 303 303 299 287 323 299 298 297 302 294 287 281 290 283 296 291 290 295 291 296 292 289 293 298 308 282 282 285 305 288 290 288 291 298 282 293 281 292 285 278 292 302 302 298 273 302 272 287 278 298 292 285 288 282 281 280 285 295 290 289 290 282 260 300 286 273 
coppia 4 7 
307 306 296 284 306 298 298 284 304 301 295 296 299 296 291 298 296 302 290 293 290 305 306 305 295 292 293 290 296 289 293 287 278 274 283 276 288 283 307 269 282 293 296 280 288 296 294 287 293 296 264 282 288 298 292 274 277 290 283 285 282 291 290 283 283 287 287 269 279 296 264 288 275 275 277 276 291 278 280 287 284 295 286 303 276 278 293 280 298 273 297 292 287 278 296 284 291 291 287 259 
coppia 4 8 
290 303 290 296 287 294 291 290 311 290 288 286 313 304 277 297 309 295 296 294 308 296 298 285 292 288 291 292 306 292 292 287 287 303 286 297 290 296 288 293 291 298 295 284 286 291 283 289 296 278 281 294 284 276 287 301 289 287 283 292 299 290 296 288 278 273 277 297 285 279 291 285 284 285 294 293 283 289 304 286 275 279 287 281 270 281 286 291 286 274 272 277 276 293 274 282 278 285 281 273 
coppia 4 9 
311 292 310 296 297 298 303 291 291 282 302 290 296 305 293 289 295 298 296 292 284 294 313 301 286 290 299 296 289 299 289 285 273 300 295 262 293 293 281 293 298 301 286 293 290 291 290 280 286 273 274 299 276 299 274 289 290 280 306 291 278 271 286 282 281 277 282 290 279 279 286 292 277 276 286 302 275 300 290 277 274 286 288 283 273 283 283 279 282 278 288 270 293 286 288 270 283 281 279 280 
coppia 4 10 
303 312 319 297 317 297 292 314 295 327 301 314 300 308 315 308 327 314 308 295 312 315 312 307 302 302 315 307 304 304 286 281 305 312 308 311 300 301 309 295 316 300 310 298 292 293 299 308 294 285 305 301 293 296 312 305 296 301 285 295 289 292 281 286 286 304 293 293 309 295 299 292 289 291 278 295 292 290 307 287 290 299 307 287 293 308 288 305 288 292 283 293 293 294 276 297 285 301 290 290 
coppia 5 1 
281 272 287 282 290 276 277 276 286 296 293 285 271 285 285 281 289 295 292 257 292 266 286 270 279 275 285 271 288 281 274 284 277 270 284 274 266 279 291 293 271 276 278 289 279 279 279 282 282 285 289 264 290 284 280 269 280 278 262 293 271 283 258 285 285 271 270 255 270 279 288 272 255 275 272 282 274 273 276 266 274 271 262 262 279 276 265 270 269 262 259 260 264 263 266 237 268 274 266 252 
coppia 5 2 
285 282 294 293 284 279 295 270 282 282 285 277 291 271 278 263 286 287 302 272 283 281 283 280 281 281 291 282 278 280 275 281 292 283 277 289 281 282 279 276 273 292 275 261 262 278 283 277 279 286 279 276 268 300 282 268 270 276 265 275 291 277 283 278 281 291 278 267 270 271 264 287 278 272 260 258 271 267 276 268 265 264 253 272 263 272 277 250 276 280 273 265 262 267 281 253 254 263 268 271 
coppia 5 3 
313 295 309 313 301 302 301 302 316 311 303 287 298 298 292 282 308 287 286 306 302 314 299 292 309 304 295 309 300 286 288 285 300 277 286 298 294 308 299 303 291 294 281 287 302 297 290 286 282 292 292 291 292 290 297 295 300 295 290 288 286 297 288 306 284 279 292 297 274 278 292 279 290 300 286 285 277 281 287 284 294 285 280 276 279 268 292 280 279 276 277 301 270 276 273 287 289 277 282 262 
coppia 5 4 
299 297 278 295 291 290 293 301 276 291 311 282 300 287 293 291 290 304 306 290 291 289 284 291 290 304 273 283 289 306 275 300 290 300 272 311 275 284 282 301 272 294 266 285 294 273 289 284 283 293 280 291 290 272 294 292 269 290 277 270 276 280 283 276 283 274 271 281 279 278 271 281 266 277 290 277 283 274 284 276 269 275 297 263 279 266 276 272 267 278 273 267 280 259 256 260 281 272 275 262 
coppia 5 5 
582 285 289 284 272 273 279 280 289 267 272 277 264 281 294 276 289 285 290 266 274 273 273 281 289 275 275 283 287 269 260 266 277 280 271 274 261 289 260 275 276 262 275 278 260 287 273 262 265 268 255 282 277 285 276 288 264 269 250 284 263 278 277 271 274 257 263 279 270 277 269 263 267 258 259 275 261 284 263 269 268 264 270 262 248 268 251 255 271 256 260 259 273 244 257 260 282 260 269 257 
coppia 5 6 
304 298 302 297 293 290 294 292 280 290 290 282 279 282 296 313 284 296 297 295 283 283 284 290 286 290 278 292 300 289 292 298 277 284 273 274 294 282 284 276 277 279 302 300 278 294 288 285 258 276 287 288 281 280 285 301 285 288 291 284 284 274 280 292 269 279 277 272 279 287 283 281 273 277 275 269 274 284 270 279 277 285 272 276 277 282 274 270 261 261 271 266 277 279 282 298 263 273 276 264 
coppia 5 7 
282 299 294 283 283 295 283 269 280 287 267 289 278 295 280 280 279 278 286 289 259 273 288 269 271 284 290 274 270 297 275 280 283 289 287 287 281 287 280 284 283 296 284 281 274 292 287 268 274 271 302 274 274 283 280 267 283 264 289 279 283 280 272 283 271 269 276 273 275 283 274 275 277 268 272 279 279 285 278 283 271 272 277 285 277 270 271 259 268 269 255 269 269 265 259 276 278 282 262 260 
coppia 5 8 
291 284 300 280 295 282 291 278 295 286 265 285 285 294 272 286 285 292 289 265 293 292 279 298 280 285 286 271 269 271 280 292 277 272 294 275 291 273 282 278 270 287 283 274 278 273 275 279 280 287 282 283 276 277 286 292 274 282 280 291 285 266 282 273 260 270 277 274 275 282 271 268 284 267 280 267 288 267 260 284 276 268 270 261 271 266 264 274 259 267 266 262 266 283 262 278 264 272 267 276 
coppia 5 9 
290 274 280 277 286 266 281 275 306 283 290 280 289 269 285 309 290 289 289 267 290 290 293 275 278 294 288 282 297 292 277 293 280 284 289 292 280 287 275 279 281 278 276 277 286 291 279 286 286 292 263 283 280 284 278 283 265 256 278 275 279 303 286 279 259 271 266 276 272 276 288 275 270 282 278 274 283 295 271 268 279 269 269 261 277 275 270 269 280 266 270 272 275 262 264 267 268 276 273 271 
coppia 5 10 
306 295 300 294 300 306 294 290 310 283 283 297 299 287 299 279 280 284 280 294 307 300 278 276 280 272 279 301 287 276 287 283 303 296 297 298 285 289 277 274 292 301 285 293 282 302 289 303 308 286 286 299 284 286 298 282 291 297 289 301 294 310 283 285 281 292 280 287 301 291 290 291 288 283 293 305 294 272 283 293 259 278 290 284 277 277 291 266 275 284 289 290 275 294 280 281 286 270 276 267 
coppia 6 1 
285 297 297 304 278 292 290 304 307 307 286 300 289 288 285 282 297 282 292 284 285 287 293 290 284 291 301 287 309 290 292 283 280 294 291 289 282 303 296 277 283 301 296 298 278 283 261 298 294 286 277 284 270 285 287 284 293 295 293 267 278 278 286 287 255 281 261 286 282 283 270 291 276 289 274 274 278 272 288 272 266 266 294 271 266 270 268 273 284 267 282 282 275 276 268 280 260 259 285 269 
coppia 6 2 
278 292 299 299 300 296 310 307 296 287 289 283 312 290 294 297 302 307 293 293 306 298 294 310 292 285 285 289 282 290 288 295 284 285 284 293 295 285 287 281 286 292 295 273 271 278 290 284 286 277 274 275 282 274 275 282 285 287 299 283 292 277 282 278 293 280 273 282 269 263 279 279 277 286 280 287 265 275 275 279 285 275 274 276 266 260 281 255 269 277 273 272 278 276 286 275 265 287 273 279 
coppia 6 3 
301 326 315 314 313 305 327 309 312 318 312 304 310 304 318 299 313 308 301 313 326 300 304 307 312 302 308 313 311 311 308 289 299 303 316 308 299 300 305 305 306 317 299 300 305 303 289 313 308 310 309 308 308 308 299 308 293 307 307 294 309 302 317 291 283 287 281 298 309 292 305 283 307 291 299 295 305 294 301 286 296 279 285 306 287 293 268 294 289 289 279 299 291 294 286 292 282 291 278 292 
coppia 6 4 
298 308 294 313 305 314 296 303 299 286 298 289 306 308 301 312 303 312 312 308 295 294 309 289 307 297 294 300 287 286 284 295 298 295 289 301 295 308 286 307 283 306 298 305 289 291 286 293 287 293 297 306 299 286 294 297 295 303 292 292 284 277 278 276 290 289 275 294 294 290 287 277 281 285 277 279 279 280 277 290 274 267 280 295 272 291 277 285 263 281 283 279 273 279 256 276 270 275 273 272 
coppia 6 5 
304 290 290 288 294 286 284 287 282 286 301 287 296 293 284 285 273 292 280 284 300 287 282 300 292 289 293 278 281 283 279 290 281 277 292 267 291 271 281 298 286 278 269 275 276 283 282 286 286 276 279 271 291 282 278 279 275 277 292 274 286 264 286 274 272 287 281 269 275 269 266 280 273 275 283 283 279 274 278 269 278 257 269 278 269 289 268 286 263 268 271 275 274 274 262 288 262 262 273 265 
coppia 6 6 
605 300 309 300 298 307 321 294 301 294 296 311 290 311 317 325 302 310 303 310 308 312 309 284 290 282 312 304 300 307 284 292 304 295 298 310 293 297 295 292 312 297 282 303 293 282 294 283 309 297 294 294 295 302 312 296 307 290 279 288 276 283 285 292 299 288 302 302 293 290 289 293 293 287 267 289 281 293 293 273 281 293 302 274 299 286 288 283 270 279 283 270 273 289 279 287 264 274 281 279 
coppia 6 7 
293 284 296 308 310 289 300 291 303 304 307 299 296 291 286 310 294 304 298 305 297 304 293 305 297 300 322 279 300 298 300 287 292 277 277 294 306 295 289 296 283 305 275 288 281 292 281 280 283 271 285 283 288 289 278 292 290 277 291 271 289 279 287 280 281 279 268 285 279 279 271 282 266 286 282 281 271 274 274 295 265 281 293 274 291 266 273 278 280 285 282 265 282 291 270 280 276 273 272 273 
coppia 6 8 
308 300 308 302 300 300 315 299 294 300 287 299 312 310 294 291 306 319 294 305 293 291 292 299 299 298 294 293 284 308 279 296 301 306 299 291 308 297 281 290 299 298 289 286 298 281 282 292 289 298 288 286 299 295 299 277 299 280 275 294 280 282 283 277 277 270 265 277 280 286 286 271 297 278 294 287 295 289 286 285 297 265 274 284 276 274 252 263 285 268 268 277 287 284 269 273 284 272 276 285 
coppia 6 9 
303 313 286 305 294 296 309 300 288 309 298 301 288 289 290 315 305 307 311 301 302 288 289 299 291 306 291 292 288 289 305 285 279 281 308 293 298 294 284 297 293 294 291 285 298 298 286 292 295 290 281 276 278 276 294 287 288 274 299 290 266 278 293 281 290 289 281 284 282 282 291 278 284 289 287 286 294 272 280 291 288 281 281 290 279 281 294 268 262 268 280 271 269 279 273 280 266 260 279 280 
coppia 6 10 
324 308 334 305 305 308 314 310 306 311 298 294 319 293 305 300 307 309 291 310 305 301 290 308 297 294 298 278 314 302 305 293 303 317 293 306 284 295 288 310 287 307 298 306 296 290 306 296 298 292 306 292 322 289 292 296 296 303 301 306 301 291 296 284 290 296 292 293 299 300 287 308 309 292 297 287 298 299 303 293 292 279 278 304 283 303 294 297 291 293 300 288 292 289 281 281 276 280 270 274 
coppia 7 1 
285 293 279 288 290 298 288 285 282 289 292 280 278 287 276 285 271 292 294 300 294 272 275 278 292 278 284 287 275 272 285 283 276 285 281 278 264 289 267 279 284 283 290 273 283 288 279 265 286 264 266 286 285 269 274 275 282 261 267 266 273 269 277 271 278 264 269 272 267 268 283 280 278 260 259 291 281 269 265 269 275 277 276 280 260 281 258 276 274 262 269 258 279 256 251 267 265 260 263 264 
coppia 7 2 
292 290 297 287 307 293 288 295 277 297 291 290 283 288 284 302 284 286 275 290 300 289 291 274 284 278 274 294 281 269 286 273 274 269 275 279 274 275 269 281 280 268 268 279 283 269 260 275 269 280 263 274 280 273 275 259 274 260 273 269 275 268 279 272 275 275 272 269 258 273 272 266 272 273 263 266 270 280 271 260 272 250 262 273 256 267 265 266 258 278 289 268 267 271 260 268 263 268 254 271 
coppia 7 3 
303 302 304 321 302 307 307 304 293 294 310 300 300 298 310 284 301 314 299 292 322 307 296 292 307 312 285 315 290 312 319 298 304 301 289 292 284 295 285 291 305 293 306 297 295 299 301 285 284 284 309 278 283 298 281 301 288 277 283 275 275 300 271 290 279 301 284 281 282 278 269 269 293 272 274 297 274 268 280 289 274 279 287 292 293 296 294 286 282 293 289 286 281 286 273 284 287 278 275 270 
coppia 7 4 
307 291 297 304 304 307 296 309 278 288 300 306 290 304 294 310 289 312 285 293 292 287 291 296 286 301 287 302 302 292 285 306 288 277 277 301 302 287 294 289 295 277 301 277 286 267 280 277 296 282 297 269 283 286 273 288 273 267 274 262 280 274 271 277 285 268 264 284 275 263 282 288 284 262 278 282 270 263 277 293 268 283 284 271 254 268 276 274 273 279 262 260 256 260 278 262 256 276 265 279 
coppia 7 5 
282 297 282 292 278 281 277 285 268 280 281 282 277 287 279 276 266 293 291 290 281 290 290 286 292 284 269 263 271 275 266 269 272 279 272 271 272 284 277 262 293 257 272 272 259 255 274 282 282 263 271 273 262 264 270 263 265 275 264 272 267 274 278 272 282 272 265 270 251 266 262 256 274 251 277 266 272 255 270 270 262 252 258 271 250 254 274 276 268 256 255 259 257 284 270 256 249 266 249 267 
coppia 7 6 
293 291 306 310 289 305 273 289 298 305 304 312 293 305 292 294 300 293 290 292 296 284 284 304 293 296 294 284 285 287 295 299 283 286 298 289 287 296 302 278 286 290 282 296 292 295 297 290 284 288 277 279 287 267 285 284 274 299 280 286 288 279 288 280 286 271 289 290 270 286 272 272 265 297 268 288 286 260 279 269 284 274 278 275 269 259 281 277 267 278 277 276 277 283 263 266 260 277 279 257 
coppia 7 7 
593 288 291 288 310 293 288 296 296 274 286 304 291 283 282 296 280 289 274 274 281 300 265 290 284 291 290 266 287 289 273 267 286 292 276 280 289 283 273 286 279 292 261 271 282 291 280 284 278 277 287 281 290 290 274 274 266 283 283 279 269 274 278 275 287 269 283 251 266 281 274 273 258 275 268 260 268 248 276 271 267 260 279 257 280 254 279 268 273 257 286 256 267 254 268 267 266 274 275 284 
coppia 7 8 
285 302 283 301 283 307 269 284 277 301 289 276 286 293 298 283 305 304 293 282 304 295 278 266 290 297 293 282 286 278 279 280 279 310 279 289 287 297 276 279 285 279 275 271 292 277 275 264 289 282 278 280 272 268 272 281 277 277 273 276 277 274 284 277 259 269 279 265 257 271 279 282 283 280 267 267 267 269 266 275 279 259 271 284 262 276 268 269 280 280 280 272 272 265 255 270 261 255 269 257 
coppia 7 9 
295 287 303 293 278 276 271 284 280 285 286 302 284 295 284 282 273 296 293 299 291 297 293 289 276 288 278 278 299 281 296 271 293 287 279 289 295 290 278 296 299 268 271 279 279 283 288 284 279 265 292 280 275 281 283 258 277 263 278 265 281 274 263 265 276 289 275 265 280 275 261 284 269 281 272 281 268 268 263 262 265 279 285 273 283 256 272 271 269 269 272 270 273 265 267 271 267 262 275 256 
coppia 7 10 
317 302 300 303 305 299 299 316 300 314 277 316 308 291 283 299 310 307 293 292 285 303 294 296 299 282 300 286 298 298 288 291 322 288 283 271 295 280 285 295 304 287 282 294 293 284 301 286 287 293 284 300 283 277 285 284 282 305 262 289 289 292 294 267 288 279 291 277 284 288 281 277 276 285 272 279 270 281 263 262 296 284 281 283 262 288 263 276 269 277 280 278 290 286 275 277 286 273 279 275 
coppia 8 1 
280 302 290 289 294 287 302 289 289 288 289 271 297 292 275 281 283 269 296 289 272 294 295 290 289 276 276 286 279 276 270 287 279 277 301 267 273 277 299 298 272 289 287 288 276 285 288 277 278 271 287 283 279 282 271 296 279 277 265 290 276 270 294 271 272 272 267 267 268 289 275 276 269 280 259 268 273 279 257 262 275 275 272 273 265 256 265 283 269 274 267 271 291 254 258 254 264 271 256 273 
coppia 8 2 
295 303 284 288 294 291 300 290 273 292 282 298 287 274 300 285 274 279 285 281 290 281 285 299 285 282 283 276 293 288 296 276 265 285 301 295 267 281 279 284 277 279 291 274 281 290 279 290 270 272 266 281 283 263 281 276 278 276 271 259 294 280 273 283 278 279 263 270 280 272 283 271 277 277 272 274 266 260 265 276 259 274 267 263 270 256 257 278 261 266 269 265 280 273 274 261 269 257 269 257 
coppia 8 3 
324 315 315 320 310 304 298 313 315 312 300 317 294 316 312 319 303 297 301 308 314 297 291 307 313 301 316 294 311 301 292 299 301 306 312 311 320 294 292 306 315 311 283 298 302 300 290 296 297 313 307 299 295 285 280 295 301 289 293 300 300 284 283 300 300 292 292 301 290 267 297 295 299 298 287 284 298 268 273 278 275 269 288 307 292 271 291 296 280 276 278 288 295 280 292 297 276 286 300 282 
coppia 8 4 
290 305 303 301 281 298 299 290 297 302 301 291 292 293 286 291 313 297 303 307 306 274 291 296 299 293 292 292 292 284 276 282 288 293 281 304 285 303 295 283 286 284 279 284 284 279 294 293 266 283 296 293 278 286 289 292 289 276 286 287 276 293 288 273 283 290 282 269 272 276 279 272 280 277 272 278 278 281 278 278 302 284 280 273 280 272 283 281 276 275 285 270 275 280 289 277 271 273 273 269 
coppia 8 5 
291 290 284 309 281 285 279 281 281 292 291 290 298 282 273 271 286 283 267 282 291 284 280 273 273 288 282 288 296 265 277 297 273 276 280 276 278 270 277 281 268 264 275 294 293 280 283 270 260 289 262 267 283 279 273 277 265 269 275 285 282 261 272 277 268 263 269 280 265 257 280 274 258 275 253 265 286 269 267 270 275 258 258 276 275 261 271 274 261 267 281 259 263 248 276 275 256 262 267 250 
coppia 8 6 
308 294 308 299 312 304 303 299 285 294 314 290 293 304 299 315 303 289 290 295 302 310 300 298 296 291 290 286 286 296 301 286 302 284 308 293 302 305 295 297 306 290 292 296 289 291 296 299 295 302 298 288 260 304 286 301 296 292 291 290 278 299 272 283 292 277 304 271 286 274 286 289 278 287 274 295 284 295 269 265 273 281 287 274 263 272 276 262 279 279 285 289 276 279 269 259 283 278 286 263 
coppia 8 7 
285 288 292 286 297 290 295 292 297 300 284 292 302 297 293 287 297 285 284 279 310 287 290 292 283 294 282 280 297 288 298 292 281 306 274 265 281 274 294 285 289 278 289 281 292 290 295 269 275 284 283 277 281 284 288 278 283 285 278 267 268 295 290 293 268 282 297 277 289 259 274 273 281 289 272 270 257 278 290 277 266 294 268 264 273 274 260 260 263 289 248 267 275 267 269 269 279 261 265 267 
coppia 8 8 
594 301 271 278 295 291 275 292 291 294 286 299 292 287 282 302 305 306 302 297 278 294 291 294 289 275 288 290 287 276 292 283 296 292 296 295 283 289 282 277 294 280 286 297 285 290 282 297 276 290 274 291 266 276 267 275 290 286 299 296 270 290 288 285 274 262 281 277 268 291 281 267 265 285 273 281 281 285 279 273 281 275 284 262 254 266 277 278 267 255 269 279 270 285 282 269 265 263 287 262 
coppia 8 9 
289 300 288 299 293 295 308 285 305 291 291 303 286 290 295 295 291 275 293 294 295 284 276 303 289 318 302 286 283 302 275 291 296 283 261 284 288 282 298 286 288 291 291 293 278 283 288 294 271 284 293 286 272 285 280 279 278 285 283 283 283 281 282 285 282 279 277 275 276 275 263 266 276 276 282 273 291 278 282 278 287 278 273 280 275 271 277 267 265 274 267 280 293 266 263 276 280 272 277 264 
coppia 8 10 
322 294 302 305 294 286 302 299 308 297 321 294 305 290 304 295 295 294 310 286 296 296 290 310 303 308 295 296 280 299 298 301 288 298 293 312 306 307 297 296 294 293 295 288 303 310 294 284 308 292 277 287 295 301 282 289 287 296 298 296 292 292 283 289 268 293 279 275 282 290 299 282 286 290 283 283 274 285 280 289 289 273 286 265 296 267 273 290 279 287 272 285 284 274 292 275 279 278 280 275 
coppia 9 1 
290 294 291 279 281 288 287 281 296 287 283 276 298 296 284 281 281 282 276 281 272 278 286 295 297 278 298 281 281 274 280 289 285 285 285 273 283 288 294 290 282 283 277 277 305 284 277 267 288 270 273 272 288 296 284 280 275 275 292 276 269 272 273 282 289 271 280 272 275 268 285 276 279 280 285 278 284 270 270 277 286 278 277 280 273 272 278 255 272 282 287 278 251 278 267 279 283 271 271 270 
coppia 9 2 
280 305 296 282 275 297 297 280 294 283 292 281 294 288 285 282 288 296 288 295 284 292 283 269 300 293 282 291 266 286 268 303 294 286 277 256 289 286 278 300 278 280 280 271 270 282 291 292 276 266 274 272 279 280 282 281 269 276 284 262 275 270 276 272 268 273 281 282 273 281 270 279 281 273 274 264 279 274 278 273 271 266 282 267 260 256 268 277 280 270 265 268 283 266 273 261 266 263 272 258 
coppia 9 3 
297 308 287 297 298 309 298 298 304 311 320 314 297 310 310 303 303 291 306 306 310 314 304 290 286 310 308 302 294 309 306 302 312 310 307 291 299 299 293 295 298 301 307 309 285 304 293 292 297 294 291 288 287 297 291 288 295 302 302 296 302 298 285 291 294 291 300 307 290 300 285 281 292 277 287 290 282 285 287 290 283 288 283 289 293 285 291 300 280 282 275 292 286 290 296 283 286 282 288 283 
coppia 9 4 
311 291 299 304 293 301 291 301 302 292 294 279 309 301 298 304 296 290 286 291 291 313 279 290 291 277 285 295 277 295 280 287 285 276 290 299 290 299 265 306 286 289 281 290 283 275 292 281 275 293 289 305 287 303 285 293 272 289 280 281 275 306 289 278 285 290 287 284 288 291 283 274 279 279 289 294 290 274 280 274 289 276 292 275 298 277 269 277 284 285 280 272 277 289 274 265 273 283 288 284 
coppia 9 5 
290 280 282 276 284 278 285 289 283 284 278 283 291 280 297 285 271 294 286 277 305 282 276 267 278 269 276 283 270 275 281 282 283 274 283 287 283 293 278 281 288 289 268 286 282 278 262 291 289 271 279 280 272 261 272 278 273 271 267 281 281 274 274 272 289 282 257 272 269 256 272 271 273 270 271 280 283 266 253 272 259 257 278 254 277 268 270 273 277 255 268 268 263 271 273 271 279 268 272 272 
coppia 9 6 
303 294 296 278 292 293 300 297 315 296 297 310 298 294 315 296 308 297 291 297 293 281 300 287 288 294 298 296 295 282 284 289 304 285 296 295 298 305 290 289 288 293 281 289 281 295 289 302 295 269 311 286 292 279 285 297 285 281 284 274 273 276 295 290 281 299 268 286 282 290 286 298 280 277 278 289 269 290 286 277 279 279 276 272 270 274 286 275 263 281 272 275 280 269 272 282 272 282 266 270 
coppia 9 7 
295 304 297 295 302 295 278 287 284 287 282 293 290 297 301 297 293 300 291 303 293 278 290 283 296 295 290 275 276 280 295 279 281 272 291 289 296 290 290 285 282 267 282 280 279 290 266 275 290 288 288 280 283 271 277 274 270 278 281 270 272 279 297 271 276 277 290 285 263 292 270 270 271 308 274 277 287 278 288 264 269 282 261 275 287 270 276 272 273 280 276 274 273 284 271 277 260 291 279 270 
coppia 9 8 
289 298 300 293 288 301 304 297 289 287 274 306 293 269 286 291 297 280 306 286 302 277 294 294 288 283 284 279 276 286 280 288 302 307 297 296 271 289 296 272 289 282 268 280 276 279 268 281 293 285 282 286 301 286 267 278 273 265 280 273 276 278 295 284 293 281 259 286 288 284 279 277 259 272 274 268 281 275 266 266 273 288 279 272 279 277 279 276 271 266 260 273 278 276 286 270 284 273 257 263 
coppia 9 9 
592 298 285 298 279 292 291 291 278 267 289 288 297 283 294 292 281 298 297 284 290 284 281 275 288 297 302 288 286 295 283 278 294 275 283 282 311 285 286 299 280 293 274 274 278 288 287 289 268 301 274 289 290 296 275 286 277 275 276 282 284 285 276 280 273 289 272 276 282 265 284 270 278 288 265 283 281 282 281 275 289 281 268 273 280 289 279 263 279 275 287 287 279 268 269 264 269 271 274 252 
coppia 9 10 
288 299 297 296 303 294 313 292 302 301 313 313 307 304 312 306 317 298 284 305 301 303 289 286 294 304 308 293 301 307 300 289 301 288 289 300 291 295 294 288 292 305 302 289 295 300 297 295 289 279 288 284 307 308 287 294 289 289 284 281 298 293 298 276 300 284 283 287 286 289 286 292 275 278 282 287 285 280 282 289 286 280 287 272 283 295 277 287 276 287 287 289 272 289 289 279 303 283 283 290 
coppia 10 1 
303 307 311 306 282 306 299 299 320 283 298 292 287 287 302 306 295 294 301 298 285 293 302 286 310 286 290 282 314 296 281 289 286 295 285 291 303 291 289 306 295 281 285 296 301 295 289 286 295 294 288 285 291 288 296 277 285 279 277 301 296 296 282 287 280 292 279 300 293 295 296 300 272 277 300 295 290 286 274 285 288 298 295 286 281 277 282 287 292 293 281 277 295 270 273 288 280 281 274 271 
coppia 10 2 
301 302 304 308 310 314 309 293 309 299 295 290 315 307 293 299 297 310 306 295 303 297 289 289 295 308 288 292 303 284 308 306 283 292 291 294 286 300 268 278 288 285 295 284 287 288 285 285 290 286 293 287 294 294 289 283 301 288 295 301 290 288 290 283 288 286 294 286 268 299 288 297 274 302 283 281 277 272 289 267 279 282 274 285 284 292 269 274 269 277 272 269 270 276 279 273 283 280 274 276 
coppia 10 3 
329 325 325 325 325 321 326 318 320 303 317 314 326 313 330 322 311 307 324 320 313 308 322 310 315 310 323 318 308 319 303 300 305 336 306 316 287 313 301 314 307 299 305 310 300 307 303 304 301 315 322 304 303 303 304 302 299 310 307 304 306 303 313 307 299 311 295 301 309 293 293 302 304 315 294 311 311 288 293 310 299 294 309 322 285 302 305 291 298 288 291 289 320 297 281 295 300 289 295 298 
coppia 10 4 
303 300 316 304 288 295 329 301 317 295 321 317 305 295 325 308 308 308 303 309 318 303 304 304 308 301 286 311 308 301 296 307 306 297 295 301 295 313 295 290 294 295 290 303 304 287 307 291 290 294 293 289 284 293 296 295 309 300 289 301 289 279 287 282 289 283 284 287 298 274 302 284 280 282 297 285 286 284 292 291 280 298 284 274 288 295 283 285 301 283 292 269 274 286 293 277 278 287 300 268 
coppia 10 5 
306 303 314 307 299 299 320 305 314 291 307 310 305 303 300 294 279 286 298 299 289 305 300 287 312 305 293 290 290 295 280 304 299 276 291 296 287 290 285 290 277 286 288 305 282 269 283 275 288 282 286 256 276 279 281 295 278 287 278 273 285 278 274 283 264 285 286 269 277 279 276 284 280 270 272 275 285 275 281 266 296 277 274 300 288 276 281 284 275 262 272 269 268 281 274 278 281 274 284 267 
coppia 10 6 
324 307 317 310 291 311 312 296 306 318 312 308 310 307 308 315 306 295 311 315 313 302 310 305 317 309 315 291 297 308 312 295 304 303 303 289 305 299 308 311 289 307 292 317 300 302 310 301 296 316 301 286 312 298 288 295 290 298 302 298 309 297 305 301 301 307 297 306 278 292 280 282 293 290 294 288 296 303 289 289 304 285 300 285 298 283 308 304 283 272 291 285 299 297 279 288 290 304 289 280 
coppia 10 7 
317 310 292 313 321 306 302 322 304 319 298 284 292 306 298 313 284 297 300 292 305 316 306 302 292 297 298 284 295 299 305 296 291 301 289 275 299 296 304 280 299 308 296 297 279 289 288 294 299 291 301 290 275 295 305 303 287 271 290 291 277 283 300 293 284 300 284 290 280 287 284 296 289 291 279 296 280 300 272 291 283 291 291 290 291 293 279 279 289 289 278 285 287 284 286 274 285 283 276 282 
coppia 10 8 
322 314 298 299 306 314 310 295 303 323 302 291 312 304 292 292 296 310 285 312 299 298 301 297 309 295 309 302 301 289 277 289 305 306 297 293 295 303 298 315 305 303 304 295 291 287 295 319 284 306 307 292 292 277 286 300 294 287 292 293 285 294 295 298 277 289 286 283 293 292 292 290 287 290 291 291 304 284 297 282 283 280 291 295 299 281 303 265 275 269 280 289 284 285 295 285 269 281 276 280 
coppia 10 9 
288 317 289 286 309 292 307 297 297 285 290 298 298 312 308 305 307 306 299 285 292 305 298 314 304 306 286 292 300 300 304 291 290 294 285 315 299 299 299 312 306 300 306 307 292 287 282 283 285 311 302 290 306 290 289 278 290 279 286 287 286 294 280 304 303 285 306 280 292 280 289 278 288 286 291 295 283 290 291 275 283 275 286 292 279 277 287 281 284 277 280 283 290 278 278 283 274 291 287 293 
coppia 10 10 
617 318 324 314 325 308 312 343 321 320 317 313 319 322 317 310 307 322 296 305 301 309 308 312 309 307 306 306 303 302 302 305 297 299 317 301 293 292 301 294 278 314 295 292 296 302 295 290 301 302 303 297 289 297 313 299 278 295 300 302 302 296 314 288 299 300 300 300 296 317 293 310 297 293 305 299 296 304 307 291 286 292 314 290 311 305 301 284 302 299 295 286 309 297 293 300 280 300 276 296 
