coppia 1 1
201.0 102.0 47.0 24.0 11.0 
coppia 1 2
107.0 54.0 31.0 20.0 11.0 
coppia 1 3
98.0 44.0 19.0 7.0 4.0 
coppia 1 4
84.0 41.0 21.0 8.0 5.0 
coppia 1 5
109.0 63.0 37.0 17.0 8.0 
coppia 2 1
107.0 53.0 26.0 12.0 6.0 
coppia 2 2
204.0 109.0 57.0 31.0 16.0 
coppia 2 3
91.0 37.0 13.0 9.0 5.0 
coppia 2 4
90.0 45.0 20.0 9.0 4.0 
coppia 2 5
102.0 48.0 27.0 12.0 6.0 
coppia 3 1
98.0 50.0 20.0 10.0 3.0 
coppia 3 2
91.0 54.0 29.0 16.0 12.0 
coppia 3 3
193.0 85.0 36.0 15.0 7.0 
coppia 3 4
82.0 33.0 16.0 8.0 5.0 
coppia 3 5
104.0 53.0 31.0 23.0 10.0 
coppia 4 1
84.0 47.0 23.0 17.0 9.0 
coppia 4 2
90.0 53.0 34.0 18.0 8.0 
coppia 4 3
82.0 40.0 13.0 6.0 2.0 
coppia 4 4
181.0 84.0 40.0 19.0 10.0 
coppia 4 5
99.0 47.0 23.0 13.0 5.0 
coppia 5 1
109.0 59.0 29.0 16.0 6.0 
coppia 5 2
102.0 62.0 30.0 20.0 10.0 
coppia 5 3
104.0 41.0 19.0 7.0 4.0 
coppia 5 4
99.0 52.0 25.0 11.0 6.0 
coppia 5 5
207.0 107.0 59.0 34.0 15.0 
