coppia 1 1 
4213 65 57 49 63 67 56 61 41 61 59 63 51 61 53 60 63 52 61 61 72 58 60 66 52 56 51 61 58 52 56 62 47 55 58 63 53 44 61 70 49 69 53 62 67 60 58 68 49 65 75 72 58 65 55 71 61 62 57 54 51 38 59 50 58 65 58 60 69 48 56 50 62 70 73 59 58 63 57 63 63 49 67 64 72 58 62 63 60 71 58 63 63 52 56 58 72 36 54 72 
coppia 1 2 
23 621 440 274 181 141 72 54 47 42 23 25 23 25 32 22 25 23 19 22 21 21 14 19 14 21 17 22 25 16 27 27 28 31 20 30 17 28 26 24 24 21 31 20 30 24 21 20 27 22 18 24 20 28 35 24 24 32 31 25 28 22 12 17 11 24 29 22 25 27 26 26 27 32 26 29 31 24 16 24 25 22 19 30 23 31 32 20 25 27 28 29 28 29 20 23 17 27 18 18 
coppia 1 3 
7 13 145 174 151 133 100 77 44 45 43 14 13 22 14 24 15 22 16 8 7 10 9 11 14 6 9 10 7 16 10 13 15 15 18 10 12 18 10 15 14 16 14 16 14 14 15 12 8 15 9 14 11 14 11 18 15 19 13 14 17 8 14 16 10 8 11 13 14 8 14 8 13 10 11 14 18 12 15 12 10 15 11 13 11 10 18 13 18 12 8 17 17 18 16 13 16 12 12 11 
coppia 1 4 
147 1022 1095 1115 1026 937 897 805 768 637 619 524 481 428 386 352 284 297 250 212 216 214 213 192 198 174 155 142 142 146 137 153 135 160 141 165 143 145 142 151 130 138 148 142 160 177 161 133 160 150 160 156 163 155 140 165 164 166 154 155 157 181 164 143 133 141 150 145 156 157 154 138 137 139 157 154 154 172 159 156 142 146 156 141 169 143 156 138 164 157 152 141 157 151 174 165 175 164 148 135 
coppia 1 5 
14 22 126 201 247 198 179 136 118 78 55 42 40 21 32 21 23 26 21 27 12 16 19 20 15 11 9 11 9 18 14 19 23 13 26 19 22 14 17 17 24 15 20 21 24 25 19 15 18 19 16 24 13 17 19 13 19 19 20 24 21 22 15 17 14 10 7 20 20 23 26 21 22 19 28 22 34 15 17 16 18 17 15 12 13 23 20 15 21 20 22 22 23 26 20 18 20 10 16 22 
coppia 1 6 
130 120 128 167 177 228 231 229 226 209 177 173 162 111 97 119 95 115 130 99 95 109 104 121 119 125 109 113 124 116 122 110 121 128 125 136 127 130 109 109 131 135 124 120 113 134 118 133 129 126 120 113 131 143 121 120 119 131 145 124 133 125 121 117 132 141 116 119 111 119 125 132 121 123 131 134 135 163 120 129 133 142 121 105 148 124 125 145 123 104 114 105 139 132 119 125 135 127 111 126 
coppia 1 7 
15 14 12 55 104 108 129 116 119 98 66 77 52 49 31 34 32 21 24 22 21 16 15 8 13 9 14 17 6 14 13 12 11 13 14 14 21 15 21 14 20 13 21 13 15 16 22 16 12 19 13 20 19 20 13 9 13 15 21 20 21 16 16 13 18 11 12 19 20 22 13 9 8 12 17 16 12 13 9 15 15 13 16 11 12 12 13 17 15 14 22 19 17 19 14 19 17 21 12 15 
coppia 1 8 
351 358 350 381 476 499 555 633 690 650 628 652 600 611 532 491 479 478 430 447 406 358 353 349 336 358 342 348 367 370 322 364 345 347 364 337 361 331 365 347 365 339 337 363 340 368 387 360 371 350 367 374 380 353 341 368 399 342 357 379 360 371 364 393 349 365 351 352 343 381 359 358 351 385 378 376 379 400 390 377 369 392 401 382 335 375 392 371 353 385 372 345 348 364 376 366 374 351 368 334 
coppia 1 9 
158 161 167 169 171 217 197 224 261 260 252 217 237 230 227 232 215 250 195 219 206 186 193 185 172 179 163 172 174 164 172 180 165 187 153 184 160 164 152 179 186 154 139 185 179 157 164 192 160 182 160 172 179 164 143 169 161 183 156 182 159 161 165 159 174 165 140 159 162 152 180 172 167 159 163 177 195 169 152 154 166 159 155 152 162 147 174 154 163 151 162 166 160 174 158 175 179 190 183 153 
coppia 1 10 
236 232 233 238 212 232 233 263 227 234 220 238 248 232 221 219 241 221 243 268 244 215 208 229 254 234 237 225 243 237 251 230 228 222 235 197 239 221 229 249 228 214 237 221 229 249 225 246 238 261 238 237 227 238 257 226 240 227 232 237 237 252 242 257 238 207 207 236 236 242 225 219 209 238 230 256 229 226 238 224 238 196 212 217 229 251 230 242 203 236 209 214 235 231 209 218 235 223 204 202 
coppia 2 1 
23 17 27 21 17 23 31 24 23 26 17 31 22 26 25 24 29 30 34 28 16 22 26 29 22 21 26 27 19 26 29 21 20 25 29 19 28 40 30 27 22 21 20 24 26 32 29 25 24 29 25 25 21 28 21 35 32 25 20 19 24 30 20 29 34 25 23 28 28 31 34 27 26 22 23 18 19 27 26 22 28 28 26 20 27 25 22 33 28 22 23 22 15 21 29 31 17 18 26 30 
coppia 2 2 
1774 151 63 18 11 11 8 2 4 2 3 3 5 4 4 5 7 1 5 7 8 9 4 6 4 9 6 12 6 9 13 12 19 13 8 8 10 15 12 13 16 10 9 11 7 10 11 11 6 8 11 6 15 13 11 11 8 8 21 7 10 11 11 10 4 10 14 14 14 12 10 18 15 15 11 7 7 6 10 6 6 11 13 9 13 14 11 5 13 17 11 15 10 5 11 7 10 9 2 9 
coppia 2 3 
37 441 294 173 115 58 38 15 13 10 2 3 7 4 3 2 4 0 0 3 0 2 6 4 2 2 5 5 3 1 5 6 5 14 7 4 3 5 8 6 12 5 10 8 7 4 4 8 13 3 5 5 3 3 10 7 5 6 8 5 5 8 6 7 5 3 7 7 5 8 5 5 8 11 3 10 2 7 2 4 4 3 6 8 3 5 7 4 3 5 5 7 7 4 6 8 6 4 7 4 
coppia 2 4 
405 844 880 833 758 682 646 551 491 424 370 306 266 232 199 155 137 118 118 121 87 78 85 66 74 77 64 57 62 54 62 55 62 52 56 77 68 58 62 64 68 61 78 76 62 64 66 65 63 71 71 75 69 81 65 63 63 62 75 75 74 73 74 53 71 70 68 62 66 66 72 72 68 66 66 81 79 65 67 59 64 61 64 63 67 59 61 59 61 46 63 74 69 77 68 70 49 59 57 50 
coppia 2 5 
50 382 377 304 209 142 90 45 39 25 18 10 4 12 3 8 7 1 5 5 3 4 5 3 0 5 4 2 10 7 11 10 11 10 9 8 8 3 9 10 8 16 14 13 9 8 6 8 10 7 4 6 3 6 6 6 9 6 7 13 9 11 8 5 11 8 6 11 11 13 8 12 9 12 13 13 5 5 3 2 5 5 6 6 8 11 5 10 8 11 6 15 17 6 10 6 6 5 4 4 
coppia 2 6 
52 70 161 196 243 201 193 136 102 74 49 62 35 30 33 24 32 38 25 24 26 28 41 38 40 32 35 54 47 59 53 51 60 54 52 52 57 48 52 55 52 56 62 48 45 60 69 60 49 59 45 60 46 52 59 55 70 57 56 45 50 55 55 51 49 58 59 53 45 59 46 48 61 68 67 53 63 45 50 47 46 40 57 55 48 44 53 46 49 48 56 63 66 67 58 56 66 64 57 54 
coppia 2 7 
9 20 151 210 198 180 159 121 72 43 53 36 24 15 16 11 10 10 11 4 9 3 4 2 3 6 7 1 6 2 4 5 2 8 9 7 10 10 4 7 5 9 4 10 11 8 6 6 8 13 6 8 5 3 3 5 7 8 7 11 5 4 5 7 11 6 5 6 7 7 9 6 11 7 7 9 11 3 8 6 6 4 4 5 4 4 9 8 7 10 5 4 5 8 5 10 9 5 6 8 
coppia 2 8 
133 152 298 393 491 539 549 562 524 497 483 413 354 320 284 285 223 215 202 153 136 148 119 119 126 124 122 128 121 125 145 154 140 138 163 155 150 169 153 141 134 136 150 173 153 175 151 177 180 174 163 162 156 157 156 145 150 170 165 162 171 164 157 123 162 155 158 153 163 180 160 153 147 166 161 169 178 189 156 152 154 161 129 134 150 157 159 158 152 155 138 143 134 166 169 176 146 173 184 161 
coppia 2 9 
65 72 57 115 158 193 203 195 187 191 162 154 157 177 147 145 125 122 104 100 75 78 98 80 75 63 76 63 76 64 73 70 73 69 78 64 62 70 61 69 80 56 79 85 77 73 80 78 71 73 75 86 75 60 67 71 75 73 88 76 65 68 65 62 70 74 71 67 57 79 62 70 77 82 72 69 78 68 71 62 59 65 69 75 81 68 44 54 55 64 71 64 54 60 58 85 79 67 76 62 
coppia 2 10 
92 108 111 101 109 97 114 87 84 84 109 116 103 101 114 87 80 103 103 107 93 114 86 100 111 112 103 91 97 110 95 90 97 91 90 92 105 88 89 109 84 108 105 92 107 122 108 110 110 90 93 89 114 94 108 102 106 94 99 109 91 106 86 85 90 94 99 97 97 94 91 104 107 101 97 96 114 91 98 87 83 107 101 98 86 83 87 83 75 99 88 90 101 84 82 89 105 99 94 92 
coppia 3 1 
7 17 13 8 22 16 8 11 11 12 10 12 15 17 9 13 14 15 11 17 9 13 13 11 13 16 21 11 19 14 8 8 21 20 14 13 14 16 12 9 10 18 20 11 10 13 11 15 16 9 11 16 13 11 15 13 15 11 12 16 20 12 15 16 12 19 16 20 17 14 11 7 10 15 10 12 18 11 6 10 12 13 15 9 10 16 18 8 17 6 4 11 10 10 11 11 11 7 17 15 
coppia 3 2 
37 22 6 3 2 1 0 1 0 0 0 0 1 0 0 3 1 2 4 3 4 1 2 2 3 6 2 5 6 6 8 10 3 6 7 11 6 4 8 11 3 5 6 9 2 4 6 2 4 3 7 4 7 3 7 9 8 6 3 1 9 8 6 8 7 7 4 7 8 8 7 8 7 4 5 4 3 4 5 5 5 3 3 10 6 4 3 9 6 9 5 6 2 6 9 6 4 4 6 8 
coppia 3 3 
935 110 64 29 15 5 2 0 1 0 1 1 0 0 0 0 0 1 1 1 0 1 2 0 0 2 2 0 2 3 3 5 5 4 4 4 4 4 4 5 2 3 5 4 2 3 6 7 3 3 0 3 5 6 1 3 4 5 4 2 3 4 6 2 2 5 3 2 2 1 1 5 0 1 5 4 2 1 3 2 3 6 1 2 3 1 2 1 4 2 4 3 2 2 1 2 3 4 4 2 
coppia 3 4 
445 622 583 527 481 433 371 290 275 235 188 157 147 97 94 80 78 69 58 37 43 29 35 41 30 36 38 27 33 38 33 30 23 41 33 35 33 38 33 37 38 31 36 37 40 28 31 33 39 41 39 40 31 38 35 30 38 32 39 42 31 46 39 41 42 35 40 30 43 42 55 36 31 31 37 33 32 28 32 36 29 36 21 33 26 30 28 34 25 35 34 31 35 30 26 27 27 29 26 26 
coppia 3 5 
187 126 122 70 59 27 17 12 11 6 1 1 0 5 3 4 1 3 1 2 1 3 3 0 2 4 4 2 4 4 4 2 4 5 6 5 3 6 7 3 7 5 5 4 2 6 3 5 2 1 2 3 5 4 2 8 5 4 5 4 5 5 5 5 9 5 5 4 10 3 6 5 5 5 5 4 2 2 7 3 5 4 3 2 2 3 5 2 6 3 9 6 5 9 4 2 6 3 4 2 
coppia 3 6 
54 96 105 115 92 79 54 36 22 27 27 16 12 10 15 9 12 11 14 15 17 20 20 24 21 21 25 27 38 41 27 27 28 30 28 36 24 32 32 29 25 26 25 29 33 42 23 22 37 32 28 36 26 34 36 40 31 33 27 20 26 25 21 30 31 31 27 27 25 24 24 32 32 38 22 34 32 25 26 16 27 30 27 28 24 23 22 25 38 38 31 33 35 26 29 34 29 26 32 32 
coppia 3 7 
48 324 286 216 161 146 80 58 42 38 23 18 12 13 9 11 2 3 2 5 0 3 3 1 2 1 1 0 1 1 0 3 5 5 5 5 7 2 5 3 4 4 4 2 7 5 2 3 2 7 1 0 3 3 4 3 2 2 2 3 4 2 5 4 3 6 4 1 2 4 3 3 2 2 2 5 3 3 2 4 1 3 2 3 3 3 1 3 2 3 3 4 8 6 8 4 1 5 3 3 
coppia 3 8 
148 208 227 262 285 286 268 263 239 225 182 169 143 132 119 91 104 78 66 67 57 60 57 60 61 65 59 65 60 72 82 82 78 81 88 79 91 68 73 78 86 88 76 78 87 72 97 92 97 83 81 92 77 84 77 96 94 91 96 89 93 71 79 96 86 89 81 88 86 76 71 76 83 89 79 94 83 82 83 92 89 74 81 86 92 86 89 78 76 62 77 85 89 93 84 100 99 98 80 98 
coppia 3 9 
39 42 130 181 196 200 190 164 165 140 155 132 137 120 110 94 64 82 61 53 46 51 54 45 48 49 38 44 35 39 40 31 27 34 35 38 29 33 43 38 40 38 48 52 51 43 49 36 38 40 37 36 38 38 43 38 42 42 31 29 34 38 32 34 43 33 35 30 36 41 35 33 32 41 37 31 30 36 26 34 34 38 32 38 29 21 33 27 37 33 30 49 33 41 41 49 40 33 38 32 
coppia 3 10 
50 54 67 45 51 53 48 47 46 60 57 56 59 54 48 55 64 61 51 53 54 46 60 57 58 47 53 47 40 54 55 43 36 50 49 59 47 56 50 60 64 54 43 45 58 50 48 56 45 54 55 56 54 56 50 48 39 45 56 52 46 41 54 51 60 43 43 58 57 58 38 60 51 53 48 58 50 55 44 46 46 46 59 52 45 48 47 46 48 49 51 45 48 45 41 57 61 55 41 47 
coppia 4 1 
147 128 133 150 139 140 123 141 147 154 166 153 165 158 141 157 159 155 147 174 148 162 141 143 144 145 165 159 150 142 150 146 164 159 156 149 156 171 149 150 142 145 179 152 146 155 155 152 164 154 158 171 170 152 157 137 160 143 174 156 156 169 150 160 166 150 148 159 160 146 156 153 146 153 153 151 151 163 133 174 156 155 157 147 143 157 167 157 127 125 135 140 144 139 135 150 169 157 132 151 
coppia 4 2 
405 39 32 20 28 33 28 23 30 39 26 30 46 43 44 38 45 44 46 53 52 47 54 54 61 58 65 74 77 81 66 78 70 66 80 64 68 78 62 70 68 59 64 61 52 65 62 57 67 73 64 66 78 72 62 68 68 54 74 66 64 55 74 62 64 58 66 63 71 61 63 73 61 60 58 63 66 60 68 50 68 75 68 56 62 62 64 59 63 56 56 51 60 56 61 54 60 48 51 67 
coppia 4 3 
445 232 104 56 31 16 18 15 18 14 14 12 20 20 17 16 20 14 23 20 25 25 34 31 26 26 33 42 39 53 48 32 44 45 41 39 38 29 54 38 34 55 46 43 43 38 42 41 36 34 41 38 31 38 42 40 33 34 37 25 48 33 31 33 41 37 29 25 37 30 34 29 35 34 37 36 23 33 27 38 28 26 33 35 30 29 26 29 30 35 38 36 28 33 35 26 28 25 26 25 
coppia 4 4 
10723 2824 2569 2180 1930 1666 1443 1203 1057 936 790 737 664 587 544 469 462 440 425 402 383 400 407 370 341 351 332 369 372 386 378 394 394 392 396 401 397 429 388 396 410 411 402 413 450 450 382 431 412 420 411 405 407 432 415 441 426 384 429 445 421 423 415 381 429 422 393 392 390 399 365 382 391 402 389 388 352 382 408 361 377 387 393 387 363 371 374 406 370 381 379 339 376 369 359 363 344 364 374 348 
coppia 4 5 
579 541 399 270 161 121 99 65 52 51 38 39 49 31 29 30 39 26 30 26 35 38 32 39 42 33 50 39 58 51 60 59 55 59 53 55 55 44 62 49 65 53 63 51 49 46 44 43 42 44 51 53 47 52 56 46 56 64 55 52 54 42 47 59 55 44 60 48 62 47 41 43 49 48 41 40 37 53 42 52 48 41 46 62 46 43 53 46 47 55 51 56 39 35 47 40 49 44 39 46 
coppia 4 6 
614 608 596 513 493 416 341 347 282 261 269 251 231 248 243 258 268 256 274 270 291 297 306 314 333 276 328 312 334 321 352 329 323 306 299 292 316 318 328 322 319 321 346 381 332 333 338 329 331 343 343 343 317 339 297 322 312 311 328 323 343 316 332 329 315 329 312 317 325 319 337 317 330 324 322 319 319 303 294 308 320 296 360 316 320 327 332 338 306 352 329 346 303 329 326 321 320 341 326 337 
coppia 4 7 
561 582 462 363 262 203 152 125 90 67 47 46 37 34 24 29 23 26 23 24 17 27 23 32 33 33 29 28 35 34 41 50 42 43 53 46 41 45 39 44 47 43 40 46 52 44 46 62 55 40 42 42 43 41 34 44 43 44 38 42 40 40 35 42 37 44 45 48 31 39 46 38 44 33 28 34 33 40 38 30 43 39 34 32 38 41 39 43 33 40 40 43 51 36 36 39 38 22 28 22 
coppia 4 8 
1716 1838 1942 1954 1888 1810 1780 1631 1523 1386 1273 1213 1139 1067 1006 967 927 893 882 822 851 834 839 854 930 891 839 902 927 920 927 916 926 926 956 881 865 945 916 907 911 936 899 959 974 987 969 1005 988 981 977 985 952 930 958 984 907 934 923 921 939 943 932 956 926 965 1010 971 936 973 948 979 992 971 941 956 939 952 941 932 898 947 908 943 912 975 958 955 937 932 974 967 974 951 936 962 929 941 973 925 
coppia 4 9 
737 852 872 919 855 829 772 747 749 690 668 636 583 576 569 512 479 453 447 431 433 424 418 406 407 410 448 414 413 423 433 467 437 415 454 455 449 458 454 449 435 460 453 441 420 437 431 469 450 456 444 441 447 429 409 462 444 421 414 386 416 425 414 423 404 408 418 426 417 413 429 448 426 420 438 417 438 388 410 415 393 413 430 412 410 393 401 415 433 406 421 434 450 427 456 431 437 386 414 435 
coppia 4 10 
612 630 622 596 564 588 541 630 601 612 638 601 619 604 588 584 606 569 594 563 570 573 638 574 568 594 587 582 584 594 585 613 587 604 627 627 619 587 583 584 600 590 581 625 627 640 618 607 611 632 621 594 604 616 588 574 580 595 611 579 544 623 616 558 572 597 587 593 580 597 586 588 579 572 578 574 554 572 560 557 589 582 602 549 559 573 557 544 569 554 571 598 601 577 594 603 594 565 573 630 
coppia 5 1 
14 22 17 14 18 22 22 16 17 17 20 13 13 21 18 25 26 22 21 28 18 17 25 26 25 19 15 16 27 21 17 22 15 19 15 17 22 17 20 19 19 24 23 30 16 18 20 22 25 20 19 20 18 19 30 18 22 21 27 19 16 20 17 20 18 22 20 18 20 21 17 15 17 22 18 16 14 14 23 18 17 16 19 23 25 17 20 12 19 18 18 18 15 33 21 21 21 15 20 16 
coppia 5 2 
50 15 7 5 4 3 2 1 2 2 4 4 2 2 2 6 3 8 8 5 5 3 5 2 13 10 5 9 8 13 10 15 9 2 8 10 7 5 10 8 5 7 6 5 8 5 8 10 10 11 11 8 12 13 5 11 5 10 8 7 11 4 11 5 7 8 11 8 5 9 7 11 8 6 8 7 9 5 7 4 6 4 9 4 6 9 7 11 4 16 10 7 7 5 6 9 10 8 7 9 
coppia 5 3 
187 104 64 38 26 13 6 3 2 2 2 3 3 3 2 1 1 2 1 4 1 2 3 2 1 8 3 2 6 3 7 5 4 5 9 3 5 10 3 5 5 6 4 3 1 3 6 5 3 4 7 5 7 9 10 2 5 3 5 4 3 3 5 8 4 3 1 2 4 5 3 5 5 2 4 2 4 8 3 3 3 2 1 2 2 1 0 0 5 4 6 6 7 8 5 0 2 6 5 4 
coppia 5 4 
579 563 517 469 439 383 307 280 249 204 175 150 123 109 95 88 78 66 56 48 51 71 45 53 58 53 50 45 48 45 46 50 55 51 50 51 51 51 53 46 49 54 41 58 61 59 46 55 54 49 56 51 55 47 53 57 62 53 58 64 51 53 55 57 57 55 55 53 49 42 51 45 49 58 45 51 52 38 48 50 50 53 41 41 38 49 34 36 35 50 46 31 42 51 58 49 46 55 48 52 
coppia 5 5 
1365 201 122 59 19 17 6 4 2 2 1 1 2 1 2 1 1 1 5 4 6 1 1 2 3 5 7 9 8 9 13 7 7 9 5 3 8 9 9 9 8 4 4 8 4 3 4 3 4 4 5 6 5 7 8 9 5 5 5 7 5 9 5 10 7 7 8 6 5 5 7 9 11 5 6 3 2 4 4 1 3 5 5 6 5 5 5 6 8 6 5 10 7 2 5 4 6 5 7 6 
coppia 5 6 
126 399 340 289 185 107 66 37 29 18 17 12 8 11 7 11 12 16 12 14 23 31 26 31 25 31 41 43 40 37 29 46 43 45 39 33 45 49 47 41 37 51 53 43 40 48 41 35 39 35 38 46 53 53 46 62 34 24 43 36 32 34 25 43 44 52 39 30 37 40 57 56 55 46 38 35 43 34 38 39 41 47 43 43 35 36 45 50 40 44 46 44 52 45 41 48 35 37 39 49 
coppia 5 7 
120 141 117 89 66 43 26 13 15 6 8 3 4 5 5 5 4 4 0 3 4 1 1 3 4 1 1 3 2 4 5 6 7 4 7 7 5 4 3 8 5 4 11 4 3 2 1 6 2 3 3 6 7 3 6 4 10 7 2 7 5 4 4 6 7 6 3 5 2 8 5 7 2 6 8 3 2 5 6 3 4 4 1 5 2 3 6 3 1 4 4 6 3 3 4 8 1 5 3 6 
coppia 5 8 
221 642 641 699 688 666 598 524 493 387 328 302 255 220 209 160 146 122 95 97 82 93 88 80 70 80 77 90 99 111 115 109 110 113 115 124 108 105 116 127 117 130 129 135 146 134 149 145 119 121 118 112 122 123 130 142 151 131 115 122 107 91 108 104 125 118 111 126 117 117 111 119 136 138 135 123 118 125 121 114 108 117 128 118 132 130 135 123 113 114 118 118 123 122 121 108 136 125 125 135 
coppia 5 9 
92 118 155 163 141 137 120 126 111 88 91 88 86 92 75 72 80 50 61 60 61 59 38 56 56 50 48 51 65 65 54 54 59 47 46 48 62 55 41 49 56 56 64 59 66 64 59 58 60 62 56 48 47 59 63 56 63 66 49 39 51 47 43 57 47 46 53 59 48 45 58 56 62 53 50 50 54 52 44 57 63 42 53 39 41 34 54 35 54 42 53 47 34 49 57 53 57 47 50 50 
coppia 5 10 
82 83 68 68 72 71 77 54 78 97 86 79 68 84 66 83 84 62 81 77 75 72 74 80 66 73 75 86 89 69 69 76 77 72 73 75 83 85 92 76 78 78 89 102 69 75 88 75 72 67 74 91 90 78 74 78 74 66 75 74 75 61 53 75 66 70 66 70 77 81 80 70 72 72 73 76 85 65 73 84 80 66 70 65 56 62 62 66 72 80 75 62 72 74 67 77 69 65 66 65 
coppia 6 1 
130 128 134 109 130 134 143 127 139 120 102 131 138 139 121 129 130 123 132 132 117 127 133 129 129 114 126 136 135 128 124 100 125 142 115 111 114 119 148 123 114 140 124 132 125 120 110 124 116 128 118 129 132 112 135 145 121 135 120 126 121 130 135 126 135 117 123 116 111 121 116 125 115 122 130 122 128 114 146 114 120 147 127 116 133 112 117 135 133 134 114 123 117 108 120 137 146 131 113 119 
coppia 6 2 
52 56 50 57 42 55 50 58 45 43 58 57 48 56 67 56 45 43 56 47 63 50 54 61 43 56 48 51 61 57 61 64 49 45 60 49 43 39 44 54 53 39 51 67 52 50 46 54 54 53 59 49 55 47 57 54 55 47 64 49 53 52 51 47 46 49 44 50 50 46 48 51 58 49 45 55 54 57 55 51 56 67 52 58 54 42 57 37 57 48 69 55 59 64 46 42 46 63 57 39 
coppia 6 3 
54 52 39 36 31 32 29 30 21 29 20 23 34 20 23 36 33 28 32 31 24 27 32 30 38 25 26 23 23 28 25 32 34 36 31 40 29 23 23 19 23 31 13 29 34 39 27 25 25 24 33 29 29 25 27 27 25 22 24 26 24 27 25 26 21 14 33 27 28 25 24 20 26 24 31 26 36 27 36 24 28 32 30 36 31 27 26 27 32 26 18 25 38 24 32 32 19 22 33 28 
coppia 6 4 
614 505 522 550 452 447 430 411 406 405 389 370 359 325 358 325 332 320 339 319 348 327 331 321 333 343 318 320 304 310 332 336 335 317 323 312 321 327 332 331 336 318 274 310 310 313 304 307 336 323 319 314 323 326 319 301 329 319 302 336 315 329 322 321 323 288 319 316 309 299 305 292 304 307 309 305 290 341 307 319 311 305 328 292 335 296 320 319 316 341 325 334 316 342 341 305 316 326 320 290 
coppia 6 5 
126 89 46 32 27 21 18 23 18 15 20 35 32 31 32 40 37 46 27 30 41 33 41 45 47 51 47 45 43 45 34 38 53 35 39 45 44 55 35 43 38 36 28 26 34 47 24 33 38 36 46 48 42 34 38 34 49 33 38 44 40 38 44 50 37 39 38 31 39 45 47 42 31 41 43 28 34 31 43 37 43 35 50 43 48 34 42 42 46 30 37 32 41 40 46 42 32 37 34 36 
coppia 6 6 
8904 505 327 201 118 88 60 56 49 48 49 68 53 83 95 109 126 153 147 185 172 217 240 229 254 277 306 276 297 284 298 305 320 308 328 285 312 257 265 273 264 261 259 253 235 228 223 291 278 259 263 268 245 284 240 239 279 242 253 249 276 277 278 279 292 242 245 276 275 275 265 272 251 275 248 265 245 250 257 258 287 254 263 260 253 257 262 266 259 272 264 276 260 266 282 262 287 243 280 258 
coppia 6 7 
103 90 66 51 28 23 25 25 21 28 16 20 23 32 28 31 30 28 26 35 40 30 38 27 29 31 35 30 41 30 31 29 34 34 38 34 34 44 38 38 20 31 34 24 18 26 47 45 38 26 25 26 24 35 29 27 33 34 25 19 26 20 24 28 28 36 25 27 31 29 33 31 22 15 32 24 30 36 26 35 32 40 32 25 42 41 33 25 32 39 34 23 25 29 31 29 37 34 28 25 
coppia 6 8 
841 4445 3952 3438 2996 2688 2219 1900 1495 1350 1150 980 853 767 648 625 532 539 495 470 521 465 522 532 556 572 662 636 710 785 738 776 814 808 808 828 812 810 834 835 850 835 838 808 791 784 762 715 748 767 772 734 756 781 735 752 782 757 731 749 730 737 767 774 761 789 753 774 745 745 806 762 757 808 826 768 775 724 698 745 773 761 777 779 776 756 726 757 747 763 767 801 778 745 744 784 797 798 786 788 
coppia 6 9 
422 415 402 377 374 397 341 405 347 357 348 331 365 350 343 374 344 354 337 353 341 355 343 343 346 372 324 387 372 358 358 365 358 361 361 339 353 350 381 359 365 363 344 359 354 341 331 376 346 327 376 342 354 371 383 351 355 377 362 333 326 356 364 359 341 351 345 327 357 325 374 389 360 346 340 322 331 332 357 333 349 322 332 330 350 340 326 345 363 361 363 325 350 326 358 350 319 336 383 340 
coppia 6 10 
515 476 516 498 477 507 505 507 528 498 492 489 513 486 523 495 510 500 474 495 478 466 482 471 496 507 512 477 455 471 527 488 528 506 460 525 492 481 494 496 482 486 493 489 463 484 520 545 510 518 480 483 526 496 493 496 463 473 507 485 507 491 479 501 497 516 484 498 503 485 539 497 505 479 513 519 521 484 453 530 475 496 473 463 474 462 498 490 505 458 509 462 472 521 522 481 475 490 488 535 
coppia 7 1 
15 16 20 11 18 15 12 13 19 19 14 17 18 14 18 17 19 8 11 12 15 26 13 17 19 17 16 20 14 21 20 14 16 15 10 18 11 12 16 20 18 19 13 15 13 12 11 15 10 16 12 14 14 13 13 17 17 14 15 23 14 17 19 18 22 20 16 12 14 12 14 18 12 10 16 13 5 11 16 18 15 16 11 10 17 13 11 5 4 14 12 16 13 22 11 14 7 20 15 17 
coppia 7 2 
9 1 1 1 1 1 1 1 0 1 1 2 3 5 1 3 4 3 7 3 2 5 4 3 6 5 5 9 9 7 8 10 9 8 11 7 7 5 10 4 8 7 7 3 4 4 3 5 5 4 6 5 6 7 8 9 5 3 10 6 10 12 5 11 7 9 10 4 10 4 8 6 7 2 5 3 6 4 2 7 4 7 11 5 7 8 6 9 5 5 5 8 10 6 8 7 6 5 3 4 
coppia 7 3 
48 25 7 8 1 0 1 1 2 0 1 0 0 0 2 1 0 4 0 1 2 2 2 3 2 3 2 2 5 5 5 5 5 7 6 5 4 4 6 2 4 5 5 4 6 4 6 4 3 3 4 5 3 5 4 3 4 6 4 5 2 5 4 2 3 3 4 4 1 1 1 1 5 3 1 2 1 1 3 1 3 1 3 2 3 2 3 2 6 3 2 2 2 4 1 2 4 4 3 2 
coppia 7 4 
561 529 448 394 337 275 243 219 173 153 130 123 93 78 75 62 68 44 40 42 33 33 39 42 41 45 41 33 40 46 41 39 41 37 37 35 46 44 39 40 51 38 45 43 38 46 38 52 41 37 43 30 37 36 41 41 45 45 37 45 41 45 44 46 42 38 41 50 49 52 26 34 34 40 33 43 41 36 31 32 24 21 34 33 26 38 33 32 37 35 34 26 25 29 31 31 33 34 38 41 
coppia 7 5 
120 86 55 33 19 13 6 5 2 4 5 3 2 4 6 0 2 3 2 3 6 3 2 5 1 6 3 5 7 1 1 4 4 8 4 3 7 9 6 5 5 5 4 5 7 6 2 1 1 3 4 6 2 7 4 5 4 7 3 8 5 5 6 6 6 7 9 8 4 4 5 6 4 6 3 6 2 4 5 3 4 4 2 5 6 7 5 7 12 1 6 7 6 8 10 8 4 5 1 5 
coppia 7 6 
103 116 97 70 58 49 28 26 31 29 14 19 14 11 18 16 19 21 17 21 22 37 32 30 31 33 43 35 30 27 29 29 35 30 36 22 28 29 33 33 34 37 43 34 34 34 35 38 36 23 33 29 39 41 41 40 27 23 27 34 32 23 34 32 25 24 26 34 27 34 36 27 41 30 33 39 30 28 29 32 31 27 28 30 29 41 40 40 36 42 32 36 21 35 44 41 39 36 37 34 
coppia 7 7 
1047 215 165 106 88 50 37 31 25 19 16 12 5 9 3 3 4 6 5 1 4 2 2 3 0 2 1 2 0 3 4 9 6 4 7 4 6 6 5 7 6 4 5 7 3 5 2 7 6 2 4 6 2 3 1 2 2 5 5 5 6 8 6 5 3 3 2 4 5 4 5 1 1 2 1 2 1 3 2 3 2 2 2 1 2 3 1 3 4 5 7 8 4 4 2 4 1 3 4 4 
coppia 7 8 
221 226 292 270 277 253 246 214 192 158 163 141 131 117 90 110 88 69 73 75 69 67 78 93 85 83 93 84 96 96 81 90 89 84 81 79 84 84 78 89 88 101 93 97 100 109 97 101 103 93 85 83 95 96 91 101 99 110 92 96 79 107 87 90 77 95 77 87 85 83 83 80 85 88 101 97 91 101 101 86 82 91 103 102 101 87 100 95 101 93 109 113 89 102 114 111 108 115 130 112 
coppia 7 9 
169 367 344 338 286 249 258 224 196 191 162 153 130 122 81 75 81 69 61 54 58 70 49 55 43 44 43 39 45 55 31 38 37 40 43 47 43 40 44 49 56 57 48 45 59 55 49 36 44 31 41 36 43 44 45 39 43 33 38 36 28 39 44 47 45 41 41 39 46 42 39 40 38 38 39 39 33 33 46 39 43 35 36 34 46 34 31 46 41 38 40 44 44 51 43 35 29 37 45 42 
coppia 7 10 
59 68 56 52 57 49 55 63 74 65 60 73 61 55 71 58 68 52 60 44 63 64 55 44 50 48 52 53 60 47 45 57 54 62 57 58 61 65 58 62 54 38 57 56 51 50 51 58 61 58 59 49 59 62 52 45 58 55 40 47 59 68 51 64 53 49 65 59 60 57 67 57 68 47 60 58 61 60 45 64 59 55 55 49 57 64 49 66 43 57 49 55 58 57 50 58 59 55 54 55 
coppia 8 1 
351 372 352 388 389 373 395 378 331 337 395 366 389 372 383 372 361 362 390 366 405 362 356 364 358 345 389 357 370 372 325 373 341 336 353 348 380 382 339 377 368 367 360 355 371 404 393 374 364 358 356 374 388 411 356 377 364 400 374 375 368 355 365 349 358 342 331 358 340 376 335 375 356 413 350 364 367 343 374 367 376 359 360 365 363 367 387 348 322 351 339 348 370 378 388 393 356 377 382 351 
coppia 8 2 
133 126 137 144 147 153 124 135 159 148 142 155 139 137 145 152 137 152 145 144 161 159 143 153 158 158 143 181 141 162 154 126 143 117 144 134 148 162 151 133 140 153 148 148 154 157 165 160 169 158 166 160 153 148 148 145 163 155 146 155 153 145 149 120 152 146 130 143 145 153 150 158 155 165 163 167 181 148 156 165 140 153 155 147 135 153 167 169 158 170 145 152 145 142 133 141 150 167 155 152 
coppia 8 3 
148 114 101 74 65 74 73 75 74 75 72 84 82 82 84 79 81 76 66 80 73 90 101 83 76 70 69 84 86 83 88 95 88 88 70 79 68 60 74 92 74 73 84 86 83 66 75 87 76 87 75 75 91 82 70 83 74 77 92 78 84 76 86 88 83 74 78 66 74 82 78 81 85 79 96 96 88 87 82 81 78 71 72 80 73 69 82 77 85 90 82 71 77 63 75 72 64 79 62 85 
coppia 8 4 
1716 1632 1531 1450 1293 1290 1247 1187 1095 1059 1024 1010 997 965 999 950 991 950 984 969 961 900 935 941 943 873 949 948 931 955 918 912 944 934 905 904 919 928 884 890 930 888 912 940 910 918 934 937 926 940 923 926 927 950 940 928 900 941 951 965 926 941 952 958 958 939 905 888 895 876 897 885 906 914 902 923 963 962 922 920 944 909 905 911 907 928 937 978 940 959 891 950 917 903 918 913 929 942 907 950 
coppia 8 5 
221 61 49 38 54 49 59 60 72 90 95 110 94 107 103 99 116 101 110 101 123 123 146 129 128 115 130 108 124 116 126 104 117 106 109 117 113 110 110 113 112 97 87 111 111 94 118 115 122 117 125 120 118 106 125 132 115 114 133 132 122 137 150 102 102 110 111 107 119 117 87 100 111 116 94 111 111 130 126 107 114 124 120 115 107 108 114 107 107 122 119 109 124 111 105 111 115 103 125 128 
coppia 8 6 
841 244 186 95 75 50 73 86 141 189 241 281 371 422 492 499 626 635 701 737 730 801 875 852 862 891 897 846 859 888 837 843 887 794 795 785 728 760 760 761 767 738 724 735 752 759 724 749 761 727 790 756 764 732 781 760 794 763 790 815 795 806 807 799 785 772 764 749 820 763 808 748 749 749 720 704 784 719 744 742 755 791 787 781 772 803 776 778 745 786 758 786 767 768 758 750 748 793 793 788 
coppia 8 7 
221 119 96 82 64 67 68 73 83 74 90 84 79 77 89 88 92 83 100 97 90 84 95 97 96 96 93 101 90 102 95 99 93 111 82 92 98 93 92 76 92 103 64 76 92 99 92 77 79 80 86 72 86 86 84 94 89 65 86 81 88 82 82 93 91 97 76 106 80 87 85 78 82 105 92 92 97 92 89 101 93 99 96 76 100 83 86 96 99 72 78 84 83 69 80 87 81 74 71 78 
coppia 8 8 
25895 6937 6049 5059 4396 3566 2991 2596 2203 1941 1719 1530 1427 1387 1394 1334 1430 1470 1481 1602 1639 1778 1860 1969 2014 2137 2208 2275 2364 2343 2341 2382 2317 2381 2427 2431 2371 2355 2340 2343 2342 2280 2299 2154 2230 2194 2212 2163 2206 2189 2148 2193 2197 2218 2251 2229 2180 2153 2189 2167 2275 2306 2280 2334 2286 2237 2288 2282 2231 2370 2279 2295 2253 2231 2204 2157 2169 2151 2190 2196 2211 2206 2203 2224 2237 2192 2279 2257 2268 2225 2209 2259 2218 2287 2222 2289 2233 2255 2311 2285 
coppia 8 9 
1214 1192 1116 1099 1103 1044 1041 1075 1053 1022 1023 1050 1033 1017 1022 992 983 1002 1007 1032 1039 1011 986 1029 1028 1024 1064 1049 1028 1027 1028 1037 1054 1061 1011 991 992 1013 1010 1009 1025 1012 1000 1044 1017 1015 1016 1001 1004 1008 1015 1032 1004 982 1011 1017 1048 1027 993 1022 1021 976 1006 1009 1047 1028 999 974 1051 1014 1024 1042 982 973 1003 1011 1008 1015 981 953 1006 995 1016 973 974 1015 974 1025 1045 1037 991 967 982 1058 1029 1012 995 1030 1016 1014 
coppia 8 10 
1450 1426 1399 1424 1454 1459 1481 1481 1397 1460 1455 1395 1412 1395 1426 1400 1401 1434 1372 1430 1402 1389 1444 1449 1357 1433 1412 1405 1380 1466 1474 1422 1483 1471 1443 1452 1411 1433 1398 1412 1467 1434 1491 1438 1449 1478 1454 1448 1393 1433 1415 1468 1418 1458 1442 1436 1439 1410 1447 1414 1417 1470 1399 1400 1465 1433 1441 1402 1442 1484 1435 1466 1475 1425 1447 1381 1380 1396 1395 1374 1398 1390 1372 1464 1394 1429 1416 1444 1402 1432 1364 1429 1440 1461 1397 1425 1382 1431 1403 1435 
coppia 9 1 
158 172 180 185 172 163 167 164 178 139 176 164 200 149 181 176 153 172 173 166 158 171 169 164 168 163 156 177 172 161 164 163 157 167 165 171 143 151 176 152 141 148 168 158 174 152 160 156 150 147 168 191 138 166 176 182 168 138 162 159 149 163 159 171 148 173 182 153 179 164 159 157 152 141 180 144 172 167 143 187 144 155 147 134 158 157 156 164 186 162 166 159 158 161 149 185 171 162 177 173 
coppia 9 2 
65 64 71 58 77 75 69 54 63 59 66 54 72 88 58 60 65 63 58 79 72 69 64 62 77 66 64 66 68 76 75 71 66 74 68 80 64 80 70 69 65 70 60 59 56 65 64 74 68 59 64 68 71 63 63 71 74 73 63 64 68 58 67 73 73 73 62 70 79 55 72 67 68 74 60 66 81 82 70 65 73 81 58 53 56 61 66 61 66 69 62 71 61 59 73 67 63 67 69 64 
coppia 9 3 
39 46 35 49 44 42 40 39 31 32 31 45 33 26 41 25 37 30 45 32 38 36 31 35 42 39 41 40 37 38 42 35 37 36 34 46 36 44 31 40 42 24 39 32 36 45 39 39 31 40 35 25 28 46 39 30 42 48 39 33 29 42 28 32 36 32 35 36 26 40 35 41 38 41 40 36 34 45 42 38 29 35 47 36 25 25 24 36 20 33 44 27 43 40 23 45 38 29 35 38 
coppia 9 4 
737 724 686 659 564 606 564 566 531 476 490 460 448 443 455 435 440 417 440 417 428 425 424 420 415 423 425 425 442 423 430 428 406 425 423 421 427 448 417 449 428 431 416 411 412 435 431 431 448 413 386 424 411 393 378 418 403 424 411 411 388 401 395 404 414 407 408 367 392 419 411 409 441 419 386 413 380 389 398 436 446 429 423 431 399 409 405 394 404 380 402 422 411 370 382 432 417 420 427 434 
coppia 9 5 
92 78 66 52 56 61 58 54 59 52 47 48 54 51 52 59 45 49 49 53 56 49 66 48 53 50 52 54 61 60 47 57 56 49 68 61 57 61 66 49 54 57 60 51 46 44 53 46 48 48 55 56 48 56 51 60 41 50 47 48 49 51 47 46 52 42 65 60 59 57 55 54 47 52 58 60 56 57 67 64 46 59 56 55 66 49 55 39 44 50 47 45 54 48 56 43 45 47 50 55 
coppia 9 6 
422 409 393 359 353 362 355 326 350 344 344 333 308 312 325 366 327 356 346 380 328 345 353 341 339 341 374 338 341 354 386 372 342 364 363 354 372 336 362 373 373 339 365 345 316 374 346 341 350 365 365 352 370 343 345 321 340 312 353 385 321 370 340 354 335 320 358 313 332 337 358 350 358 366 344 363 372 346 377 355 358 377 368 356 351 346 328 354 363 322 326 336 363 356 341 381 358 363 333 366 
coppia 9 7 
169 120 94 82 69 71 62 63 49 45 55 41 50 39 38 39 45 36 31 42 45 39 58 39 50 45 40 44 54 45 44 48 37 30 38 35 28 41 41 42 40 46 46 39 36 25 47 33 45 46 37 38 36 38 39 43 37 47 50 47 45 38 41 40 31 39 41 35 37 43 35 40 38 43 39 42 31 33 52 52 42 35 47 63 53 47 35 26 37 29 37 31 42 35 44 37 40 45 39 39 
coppia 9 8 
1214 1191 1207 1190 1169 1113 1113 1099 1069 1088 1073 1053 1036 1084 1040 1026 955 1003 977 992 990 969 977 1000 987 1004 999 1006 992 1010 1009 986 1016 1001 1026 1037 995 1061 996 1043 1095 1116 1090 1042 1052 1005 1005 992 989 1016 1067 1018 1101 1074 1052 1049 1006 994 999 968 1004 1037 1011 1006 996 1004 1010 976 981 941 992 1027 998 1019 1001 1021 1018 1036 1081 1061 975 1045 1078 1064 1019 1087 1089 1032 1041 1039 983 962 1010 1010 1024 1042 1026 1055 1003 1001 
coppia 9 9 
11777 1161 1030 885 843 751 710 695 647 652 633 564 553 548 528 492 498 477 432 455 471 427 485 488 455 472 472 499 500 458 478 465 450 488 484 456 499 485 453 499 523 457 449 501 506 472 472 467 442 479 474 440 419 438 479 436 470 452 426 442 474 443 472 476 491 451 423 428 454 455 443 490 476 449 430 473 421 454 433 474 435 465 450 469 490 469 486 450 477 478 476 464 431 435 463 434 488 467 441 474 
coppia 9 10 
705 608 679 656 648 625 648 684 690 659 650 642 674 629 616 603 644 633 631 629 632 654 625 637 653 639 655 624 625 671 630 653 625 653 679 640 657 660 710 644 635 707 614 657 669 689 668 606 635 644 589 679 668 612 676 684 650 673 626 690 646 692 677 584 665 688 639 638 647 659 661 688 634 631 673 661 658 653 692 636 667 650 626 672 687 638 663 658 672 652 650 650 662 647 664 645 651 657 675 668 
coppia 10 1 
236 209 265 217 226 239 245 257 234 240 220 226 218 260 237 237 245 238 256 245 260 228 241 234 232 244 241 220 232 231 240 242 254 233 227 234 230 224 237 229 226 213 242 244 237 236 222 245 231 211 230 203 223 220 233 230 232 239 248 218 233 223 210 245 243 249 223 218 226 251 219 214 240 244 227 248 228 222 221 254 246 227 232 236 211 232 201 217 231 253 240 245 219 239 226 227 219 219 236 236 
coppia 10 2 
92 83 101 90 95 88 95 104 111 111 84 100 90 95 93 106 111 108 110 103 104 105 101 108 97 94 85 90 111 95 103 102 105 112 95 112 101 86 91 87 97 90 95 105 116 100 81 103 93 99 100 98 86 93 86 95 82 94 103 93 103 104 91 105 97 87 90 101 95 97 93 85 105 106 101 97 89 103 110 101 97 90 118 98 99 82 106 83 108 100 100 94 109 90 98 104 104 100 94 92 
coppia 10 3 
50 48 49 46 58 39 50 50 50 59 53 55 58 53 55 58 50 62 57 56 59 68 61 62 52 50 52 37 46 61 63 52 60 57 54 52 62 51 56 43 44 43 50 53 67 62 54 49 48 48 56 58 49 51 34 53 41 37 54 41 50 57 53 48 54 52 50 48 45 48 45 52 50 53 39 50 49 42 53 59 50 61 40 61 56 60 40 58 54 53 67 50 49 58 55 51 53 58 59 55 
coppia 10 4 
612 614 566 593 591 598 588 600 625 602 619 578 594 604 572 620 585 590 600 612 618 628 603 625 666 602 585 588 622 591 597 644 601 627 593 587 593 614 615 626 587 623 595 588 578 618 578 603 606 579 614 609 604 557 564 591 585 571 559 573 588 603 583 558 550 570 616 572 571 560 598 609 543 562 588 588 577 597 544 579 553 594 574 571 618 581 601 545 572 608 568 627 598 580 548 575 600 621 647 622 
coppia 10 5 
82 95 103 74 71 76 76 77 77 83 81 78 73 62 84 86 72 76 76 78 78 89 81 75 72 89 81 69 62 90 71 80 68 81 91 71 74 82 85 75 84 80 88 65 68 76 89 70 73 79 74 89 72 69 65 76 75 72 71 66 81 64 86 77 73 72 77 71 60 80 63 67 86 74 72 87 102 77 70 89 87 83 77 76 72 79 79 78 69 71 61 99 83 70 81 81 76 75 73 69 
coppia 10 6 
515 444 510 518 514 474 484 456 506 506 494 497 491 476 467 477 463 496 497 496 494 471 480 479 532 506 445 535 484 486 462 467 483 493 502 494 463 522 525 506 472 492 505 550 472 531 503 479 496 463 511 456 513 481 511 484 500 511 493 459 494 486 521 525 521 482 507 499 528 494 477 447 495 519 491 484 505 526 490 502 496 514 493 498 453 479 491 457 490 494 480 469 484 501 501 498 504 498 461 489 
coppia 10 7 
59 61 46 53 62 55 57 46 51 58 56 61 57 65 65 65 56 60 71 65 68 61 74 63 61 64 74 59 54 59 59 64 64 63 63 77 58 68 49 62 48 64 58 59 58 57 65 53 65 56 55 51 51 61 63 59 50 57 53 54 52 60 46 58 54 59 47 59 57 58 54 53 57 55 51 49 64 55 47 49 65 56 66 53 57 46 65 47 66 78 63 74 62 54 64 69 69 57 64 62 
coppia 10 8 
1450 1496 1429 1479 1446 1415 1392 1413 1430 1409 1453 1457 1436 1417 1460 1482 1393 1417 1421 1458 1447 1442 1389 1439 1392 1451 1396 1422 1458 1435 1439 1396 1388 1396 1442 1402 1394 1415 1462 1451 1409 1411 1481 1494 1474 1488 1437 1509 1434 1438 1516 1465 1402 1464 1430 1415 1504 1359 1416 1519 1439 1375 1419 1399 1479 1505 1485 1421 1452 1450 1514 1404 1388 1377 1429 1483 1447 1470 1488 1456 1504 1506 1496 1394 1452 1426 1405 1402 1404 1435 1402 1381 1364 1470 1424 1397 1427 1457 1391 1432 
coppia 10 9 
705 2268 2012 1780 1552 1371 1237 1052 1060 956 923 855 832 807 796 780 738 685 698 725 670 656 652 669 640 681 687 643 684 670 670 694 678 669 677 646 664 686 646 672 687 650 659 708 634 665 628 650 630 649 633 672 645 639 647 678 628 613 632 647 658 620 667 631 644 638 670 659 665 636 666 644 623 680 687 657 611 643 619 683 638 653 640 652 631 645 612 655 651 610 678 665 639 638 654 637 627 673 672 605 
coppia 10 10 
16576 924 944 943 909 926 964 906 885 884 967 871 915 942 903 898 949 974 925 895 930 880 913 936 980 910 942 952 943 875 898 931 856 937 895 875 883 981 913 923 927 919 921 906 903 916 893 933 922 880 869 905 953 867 890 893 880 923 935 899 941 861 969 918 919 946 908 932 879 862 967 909 898 922 908 902 928 958 910 924 938 905 862 909 886 958 911 900 948 936 964 919 885 973 941 928 901 884 879 855 
