mean_iteration_time 0.0404252 10 1200
t_all 4.33551 10 1200
t_input 0.187537 10 1200
t_delay 4.00995 10 1200
t_normal 0.00532849 10 1200
t_compress 0.00349184 10 1200
t_save 0.115046 10 1200
mean_iteration_time 0.0400766 10 1200
t_all 4.29156 10 1200
t_input 0.194042 10 1200
t_delay 3.97126 10 1200
t_normal 0.00482512 10 1200
t_compress 0.00247064 10 1200
t_save 0.114886 10 1200
mean_iteration_time 0.039705 10 1200
t_all 2.36772 10 300000
t_input 0.568331 10 300000
t_delay 0.0777515 10 300000
t_normal 1.19595 10 300000
t_compress 0.373121 10 300000
t_save 0.131692 10 300000
mean_iteration_time 0 10 300000
t_all 6.72065 10 300000
t_input 0.00800673 10 300000
t_delay 5.15985 10 300000
t_normal 1.04841 10 300000
t_compress 0.361488 10 300000
t_save 0.128896 10 300000
mean_iteration_time 0.0508311 10 300000
t_all 0.221668 10 1200
t_input 0.0272275 10 1200
t_delay 0.0254006 10 1200
t_normal 0.00482699 10 1200
t_compress 0.00795914 10 1200
t_save 0.13456 10 1200
mean_iteration_time 0.000234632 10 1200
t_all 4.71414 10 1200
t_input 0.00732049 10 1200
t_delay 4.55896 10 1200
t_normal 0.00482279 10 1200
t_compress 0.0034004 10 1200
t_save 0.128259 10 1200
mean_iteration_time 0.0455651 10 1200
t_all 2.31682 10 300000
t_input 0.562651 10 300000
t_delay 0.0865905 10 300000
t_normal 1.11941 10 300000
t_compress 0.379379 10 300000
t_save 0.151892 10 300000
mean_iteration_time 0 10 300000
t_all 5.11916 10 1200
t_input 0.0452464 10 1200
t_delay 4.30431 10 1200
t_normal 0.00523099 10 1200
t_compress 0.00304258 10 1200
t_save 0.134341 10 1200
mean_iteration_time 0.0428432 10 1200
t_all 4.76637 10 1200
