coppia 1 1
0.0753698425084 0.00929980731564 0.00933165597083 0.00906094240171 0.00955459655716 0.010032326385 0.00885392614297 0.00972976416071 0.0100164020574 0.00929980731564 
coppia 1 2
0.0729098534108 0.0091954907468 0.00731022276942 0.00992651302374 0.00923396560348 0.0100419375938 0.00834904389981 0.0100419375938 0.00977261359701 0.00911854103343 
coppia 1 3
0.064631043257 0.0138858596874 0.0071973827699 0.00988731370411 0.0100327153762 0.0100327153762 0.00865139949109 0.00923300617957 0.00952380952381 0.0101781170483 
coppia 1 4
0.0533554779512 0.0242054144854 0.0113164891098 0.00929568748303 0.00946619262029 0.00996507802189 0.00964301276263 0.00959880772704 0.00954828768637 0.00986403794055 
coppia 1 5
0.066016016016 0.0154154154154 0.00700700700701 0.00920920920921 0.01001001001 0.00920920920921 0.00845845845846 0.011011011011 0.00870870870871 0.00995995995996 
coppia 1 6
0.0147387761623 0.01020929861 0.00906694360121 0.00972200031954 0.0100894711615 0.0101214251478 0.00985780476114 0.0104888959898 0.0101453906375 0.00984981626458 
coppia 1 7
0.0504157663851 0.026713808682 0.00870817783016 0.00969030314935 0.0109343285537 0.0106724284685 0.0109998035749 0.00811890263864 0.00903555293655 0.0114581287239 
coppia 1 8
0.0135228298635 0.0146308100566 0.00981314803163 0.00952862966104 0.00979399775668 0.0100128580417 0.00992804968128 0.0102672831231 0.0102727546303 0.00984324132082 
coppia 1 9
0.0119536547471 0.0136940105264 0.0108034542148 0.0102132989678 0.0102253429525 0.0100507051753 0.00961109973624 0.0101651230293 0.00953281383613 0.0102373869371 
coppia 1 10
0.010079299101 0.0101266804216 0.0100189956022 0.0099113107827 0.0101137582433 0.0101611395638 0.0101396025999 0.00988115903325 0.00970886332212 0.00939011625653 
coppia 2 1
0.00939880084265 0.010776211311 0.00947982498785 0.0108572354562 0.0102090422946 0.010168530222 0.0110192837466 0.00988494571382 0.0104926268028 0.00939880084265 
coppia 2 2
0.169093315685 0.00363997352747 0.00603904698875 0.0101753805427 0.0081899404368 0.00918266048974 0.00909993381866 0.00868630046327 0.00926538716082 0.00736267372601 
coppia 2 3
0.182485098579 0.00427938254623 0.00458505272811 0.00962861072902 0.0113097967293 0.0087116001834 0.00932294054715 0.0087116001834 0.00733608436497 0.00886443527434 
coppia 2 4
0.0930000142769 0.0288679810973 0.0100509686907 0.00879459760433 0.00962266036578 0.00997958396985 0.00966549119826 0.0099224761932 0.00863755121854 0.00908013648759 
coppia 2 5
0.175922987411 0.00772241616418 0.00454882048027 0.00941500052893 0.0104728657569 0.0069819105046 0.00983814662012 0.00867449486935 0.00793398920977 0.00835713530096 
coppia 2 6
0.0267912421906 0.00660400367723 0.00750454963322 0.0100185737603 0.0105063694865 0.0102249488753 0.0100185737603 0.0102812329975 0.00911802780436 0.0113881540684 
coppia 2 7
0.160236979884 0.0261780104712 0.00592449710664 0.00909341416368 0.0110223201984 0.00868007715624 0.00868007715624 0.010608983191 0.00840451915128 0.0089556351612 
coppia 2 8
0.026414733012 0.0187162873831 0.00809421978232 0.00962624876321 0.0102326769015 0.010124158182 0.010124158182 0.0104114136159 0.00963263221729 0.0101496919983 
coppia 2 9
0.0202413170952 0.0196352052323 0.0105435272891 0.00971188543076 0.010599909788 0.0105153360397 0.00955683355886 0.0100219891746 0.00893662607127 0.00952864230943 
coppia 2 10
0.0100792451289 0.0104468771701 0.0103856051632 0.00966055308198 0.0105796331849 0.0102936971529 0.00958906907398 0.0100690331277 0.00921122503166 0.00943588905682 
coppia 3 1
0.00958515451269 0.0101986044015 0.0107353730542 0.0103519668737 0.0101986044015 0.0101986044015 0.0123456790123 0.00843493597117 0.00950847327659 0.00820489226286 
coppia 3 2
0.0132669983416 0.00257969412198 0.00681776303667 0.0136355260733 0.00810761009766 0.0101345126221 0.0132669983416 0.00958172102451 0.0106873042196 0.0103187764879 
coppia 3 3
0.286595902246 0.0012342631449 0.00296223154777 0.0103678104172 0.00938039990126 0.00814613675636 0.00740557886941 0.00592446309553 0.00617131572451 0.00666502098247 
coppia 3 4
0.112492411645 0.0265262491092 0.00923799720221 0.00886847731412 0.00934357431309 0.00960751709029 0.0102673740333 0.00926439147993 0.00783910048302 0.00768073481669 
coppia 3 5
0.131448617416 0.00433347090384 0.00557160544779 0.00928600907965 0.00825423029303 0.00866694180768 0.0115559224102 0.00907965332233 0.0072224515064 0.0103177878663 
coppia 3 6
0.0242044564676 0.00501886523813 0.00904107638642 0.0104292731544 0.0104648679433 0.011069979355 0.00950380864241 0.0100021356873 0.0100377304763 0.0109276001993 
coppia 3 7
0.295209959907 0.0206794682422 0.00274319476683 0.00844059928255 0.00844059928255 0.00485334458747 0.00738552437223 0.00611943447985 0.00506435956953 0.00949567419287 
coppia 3 8
0.0292675228823 0.0139721770376 0.00747772463522 0.00971133069509 0.0103911238437 0.0106460462745 0.0102575930467 0.0100997839229 0.00986913981888 0.0109616645221 
coppia 3 9
0.0374598736668 0.0260950605778 0.0116236926582 0.00900900900901 0.0112612612613 0.00968209588899 0.00921611266439 0.00867246556902 0.00833592212903 0.00999275137206 
coppia 3 10
0.0101561433946 0.0108774050176 0.0100586756077 0.00984424647654 0.0100781691651 0.00996120782082 0.00996120782082 0.00980525936178 0.00947386888633 0.00957133667323 
coppia 4 1
0.00933540194832 0.01048734527 0.00998128924431 0.0103208794721 0.0102809276806 0.0105073211658 0.0104141003189 0.0102076827295 0.00992802018897 0.00966833354419 
coppia 4 2
0.0108639835676 0.00665960587971 0.00999743244111 0.0112651646447 0.0100776686565 0.0107837473522 0.0102381410874 0.00998138519802 0.0101579048719 0.00905064509917 
coppia 4 3
0.0281035299692 0.00521203506278 0.00989102108505 0.0120824449183 0.0122009002606 0.0106313669747 0.0101871594409 0.00965411040038 0.00891376451078 0.0088841506752 
coppia 4 4
0.0653677381841 0.0136003133985 0.00914325417064 0.00976906569296 0.0103012518694 0.0103357454179 0.0100154481821 0.00941181108376 0.00938470900996 0.0089067269811 
coppia 4 5
0.0468480743798 0.00675269506673 0.00835570873242 0.0110407566225 0.0100188354106 0.0106600408768 0.0103795134854 0.00893680118623 0.0097583456899 0.00893680118623 
coppia 4 6
0.0140169043051 0.00805086339867 0.00975634224948 0.00998520246291 0.0105745958893 0.0101419560338 0.0101482261766 0.00994758160591 0.0102422783191 0.0102767641047 
coppia 4 7
0.0721366747182 0.00787540257649 0.00732185990338 0.0111714975845 0.011951489533 0.0103915056361 0.0100895732689 0.00915861513688 0.0096115136876 0.00893216586151 
coppia 4 8
0.0187170044221 0.0109175382446 0.00941529183976 0.00982031975775 0.010296066836 0.0101481995009 0.0102339196952 0.0102339196952 0.0100346202435 0.010213561149 
coppia 4 9
0.0188222817148 0.0125622658067 0.00984521242524 0.010490453945 0.0104458736218 0.010082192038 0.00977012977567 0.00992264140761 0.00963404247332 0.0100681140412 
coppia 4 10
0.0101507374352 0.0100999498896 0.00992727223479 0.0101845957989 0.0103792813901 0.0100931782169 0.00993235098934 0.0096834920162 0.00961238945244 0.00999837479854 
coppia 5 1
0.00944242232421 0.0109194492799 0.0110249512054 0.00965342617503 0.011446958907 0.0112359550562 0.0101281848394 0.00917866751068 0.00981167906314 0.0104446906156 
coppia 5 2
0.0116576992057 0.00563668972585 0.00935178068153 0.010760953113 0.00960799385088 0.0115295926211 0.0101204201896 0.00922367409685 0.00973610043556 0.00999231360492 
coppia 5 3
0.0984077841663 0.00486510393631 0.00685537372844 0.0123839009288 0.00884564352057 0.0126050420168 0.00840336134454 0.00862450243255 0.00442282176028 0.0108359133127 
coppia 5 4
0.0767780172414 0.0190116995074 0.00998691502463 0.00969827586207 0.0101216133005 0.0106988916256 0.0101408559113 0.00937115147783 0.00821659482759 0.0091979679803 
coppia 5 5
0.232020658489 0.00245319561007 0.00658489347966 0.0102001291156 0.00593931568754 0.00800516462234 0.00865074241446 0.00671400903809 0.00697224015494 0.00735958683021 
coppia 5 6
0.0387115552537 0.00291064325216 0.00795575822257 0.0101144853013 0.0102357621034 0.0105510817891 0.00912001552343 0.0106966139517 0.0102842728243 0.0105753371495 
coppia 5 7
0.123255813953 0.00794573643411 0.0046511627907 0.0108527131783 0.00794573643411 0.0106589147287 0.00968992248062 0.00910852713178 0.00639534883721 0.00833333333333 
coppia 5 8
0.0454645827711 0.0158173238135 0.00711534214981 0.00933990889091 0.0108365843086 0.0103540496111 0.00919269491539 0.010141407202 0.00996147900974 0.0100678002143 
coppia 5 9
0.0230225624793 0.0138945121278 0.0101034266995 0.00947771357061 0.0111156097022 0.0100482167176 0.0091280503515 0.00986418344437 0.00841032058596 0.00914645367883 
coppia 5 10
0.00996743969699 0.0102332380889 0.0100870489734 0.0103395574457 0.0105389062396 0.0102863977673 0.00922320419961 0.00996743969699 0.00902385540567 0.00919662436042 
coppia 6 1
0.0103685066626 0.0102322898054 0.0102082515364 0.00978357545212 0.00987972852782 0.0102002387801 0.00989575404043 0.00987171577151 0.0102082515364 0.00983966474628 
coppia 6 2
0.00970261856103 0.0101801096319 0.0103902057032 0.00970261856103 0.00991271463224 0.0102374085605 0.0093206257043 0.00998911320358 0.0100846114178 0.0103138071318 
coppia 6 3
0.0127446024984 0.0101090331432 0.009964618384 0.0105422774208 0.00974799624522 0.00963968517582 0.00902592244927 0.0098924110044 0.0106505884901 0.00978409993501 
coppia 6 4
0.0148508649956 0.0107607701655 0.0101939193506 0.0102283688476 0.00980557956581 0.00998409059591 0.00983689729039 0.009642727398 0.00990579628447 0.0100686484523 
coppia 6 5
0.0103439680957 0.00822532402792 0.0109172482552 0.0104935194417 0.00847457627119 0.0101196410768 0.00999501495513 0.00939680957129 0.0102941176471 0.00939680957129 
coppia 6 6
0.0384185905022 0.00396205626268 0.00946738537675 0.0109475917895 0.00946367558624 0.00950448328183 0.0100720812296 0.00959351825402 0.00976787840791 0.00993481898077 
coppia 6 7
0.0148310549394 0.00867294299716 0.0106719112716 0.0114134640186 0.00996259994841 0.00893087438741 0.00883415011607 0.00915656435388 0.0109943255094 0.00951122001548 
coppia 6 8
0.0324090367513 0.00903393580902 0.00762874222376 0.0103188304899 0.0101076675194 0.00966102584251 0.00969430000755 0.00981459891193 0.00974549103069 0.00996689220578 
coppia 6 9
0.0109875634641 0.0100196728071 0.0101399432438 0.0102659408441 0.0100397178799 0.0103203488988 0.00988222087952 0.00997671907976 0.00978772267928 0.0098793572977 
coppia 6 10
0.0102346205841 0.0101328240794 0.00980300340408 0.0101735426812 0.0101592911706 0.00998012932228 0.0101002491978 0.0102610876753 0.00976024887209 0.0100880336173 
coppia 7 1
0.0107746863066 0.0100927441353 0.0121385706492 0.0103655210038 0.00968357883252 0.0103655210038 0.0111838516094 0.00906983087834 0.00791052918712 0.0100245499182 
coppia 7 2
0.00276287989599 0.00520071509833 0.00893872907525 0.012839265399 0.00812611734113 0.0105639525435 0.0133268324395 0.00812611734113 0.0108889972371 0.010076385503 
coppia 7 3
0.0276868115511 0.00267936885978 0.00833581423043 0.0145876749032 0.0130991366478 0.0128014289967 0.00863352188151 0.00565644537065 0.00833581423043 0.00774039892825 
coppia 7 4
0.0816586609156 0.0185030879326 0.00963140868542 0.00977845309283 0.0105136751299 0.00980296049407 0.0109793157534 0.00857759043231 0.00767081658661 0.00789138319773 
coppia 7 5
0.0671364259151 0.00587199060482 0.00763358778626 0.00998238402819 0.00763358778626 0.00978665100803 0.0117439812096 0.00861225288706 0.0103738500685 0.0117439812096 
coppia 7 6
0.0192484540986 0.00539083557951 0.0101474552085 0.00964008244807 0.0110353575392 0.0105914063739 0.00922784208023 0.0103060091961 0.0109085143491 0.0112573331219 
coppia 7 7
0.323652205482 0.0116173534217 0.00344890179706 0.0105282265384 0.00853149391904 0.00635324015248 0.00834997277183 0.00381194409149 0.00453802868034 0.00744236703576 
coppia 7 8
0.0255381604697 0.0114916286149 0.00917590780604 0.00912154816264 0.0106762339639 0.0103065883888 0.00942596216569 0.00992607088498 0.0103826918895 0.0119917373342 
coppia 7 9
0.0592435265941 0.0223236477021 0.0113199873469 0.00930905147092 0.0108454968593 0.00899272447919 0.00930905147092 0.00867639748746 0.00867639748746 0.00926386190067 
coppia 7 10
0.0104293836548 0.0104991454184 0.00934807631937 0.0100980152778 0.00931319543758 0.00917367191043 0.0102026579232 0.010237538805 0.00966200425547 0.00959224249189 
coppia 8 1
0.010101177093 0.010349160164 0.0101342415024 0.00979257593793 0.0102334347309 0.0104015121457 0.00975951152846 0.0100405590089 0.00991381210598 0.0101452629723 
coppia 8 2
0.00926658230518 0.00954339344089 0.0102749657281 0.00930612675314 0.0102288305389 0.0101431509016 0.00946430454498 0.0105979120531 0.0101958768322 0.009767478646 
coppia 8 3
0.0109039131684 0.00981726890074 0.0101794836566 0.0100171115247 0.00987971972072 0.0099546607047 0.00987971972072 0.0106541098885 0.00970485742478 0.00911781971697 
coppia 8 4
0.0145645993926 0.0106148958092 0.0100722296244 0.00985861549997 0.00996326484375 0.0100884125126 0.0099665014214 0.00991903161597 0.0100528101585 0.00994708195554 
coppia 8 5
0.0064627426747 0.00889163533996 0.0106596632164 0.00965549204387 0.0093036030005 0.0104708447054 0.0101017903428 0.00938084693685 0.0097670666186 0.00987005853374 
coppia 8 6
0.00260942106435 0.00659603657934 0.0112033780142 0.0104772209402 0.00979982577502 0.0102070536078 0.0103586108918 0.00984068034724 0.0102452724012 0.0101596095884 
coppia 8 7
0.0106379393626 0.00987407465654 0.0106042394491 0.0104582064906 0.00959324204401 0.00931240943148 0.00990777457005 0.0102560070096 0.0101099740511 0.00881814403343 
coppia 8 8
0.0272618661637 0.00653492140092 0.0091061612888 0.0104778136013 0.00985015328801 0.00969799321207 0.0101243952853 0.0097864583725 0.00986475003948 0.00998240870285 
coppia 8 9
0.0108329264025 0.0100441066864 0.0101666801761 0.0100885890012 0.0100253252646 0.0100342217275 0.0100085208345 0.00987705088184 0.00994426860201 0.0099778774621 
coppia 8 10
0.0101138872341 0.00989592458913 0.00990783894593 0.0100914602096 0.0101517328381 0.0100550162946 0.0100592213617 0.00993377019308 0.009910642324 0.00992886428146 
coppia 9 1
0.0102012280382 0.0103957687397 0.0100857194966 0.00978174965043 0.00944738281962 0.0100188461305 0.009976290352 0.00973919387197 0.00950209739194 0.0100978782905 
coppia 9 2
0.0094365446399 0.00955180014695 0.00985434585296 0.0103297748196 0.00922044056418 0.00971027646915 0.00976790422267 0.010156891559 0.0092780683177 0.00945095157828 
coppia 9 3
0.0108704580926 0.00944661975302 0.010322827962 0.0104323539881 0.0100490128967 0.00999424988363 0.00920018619424 0.0106787875469 0.00848826702445 0.00991210536404 
coppia 9 4
0.0145046862024 0.010546921343 0.0100842330051 0.0101411792621 0.0100984695693 0.00963103571005 0.0094791790248 0.00968560920631 0.00977577411318 0.00976865583106 
coppia 9 5
0.0117041896526 0.00944908304756 0.0102318473237 0.0106418667064 0.00944908304756 0.00954226927091 0.00984046518563 0.0106232294618 0.0096727299836 0.00913224988818 
coppia 9 6
0.0105158582463 0.0097256657944 0.00988885771382 0.010375570456 0.0100606386816 0.00998047422999 0.00967699452019 0.0102753648914 0.0100864058268 0.0100864058268 
coppia 9 7
0.0200087416833 0.0101015006556 0.0111456461561 0.00932446214365 0.00978582876014 0.0100043708416 0.00947015686465 0.00983439366714 0.0100529357486 0.00944587441115 
coppia 9 8
0.0112845332038 0.0100883904194 0.00978787678744 0.0100204053683 0.0102489927867 0.0101760812825 0.00981940608653 0.0101031697784 0.0103150072567 0.00996719967604 
coppia 9 9
0.0401294973074 0.0108543050521 0.00990507721644 0.00996793998701 0.00999098966955 0.00937912536932 0.00956980910672 0.00951951889026 0.00978354252666 0.00958238166083 
coppia 9 10
0.0101690477107 0.00978243290077 0.00988101197582 0.0100904925103 0.010048904463 0.0100843313181 0.0100658477415 0.01014594324 0.0101428626439 0.0101182178752 
coppia 10 1
0.0102065006099 0.0102668430966 0.0101849497218 0.0101289174127 0.00994357977492 0.00980996426863 0.0100039222616 0.00998668155115 0.00985306604485 0.0099392695973 
coppia 10 2
0.00992428892981 0.0102312257008 0.0101289134438 0.0101698383466 0.0100163699611 0.00951503990178 0.00992428892981 0.0101289134438 0.0100368324125 0.0100777573153 
coppia 10 3
0.00967429236138 0.010798759209 0.010624272974 0.0106630476929 0.0100426521908 0.00918960837534 0.00979061651803 0.00953858084529 0.0103334625824 0.0107599844901 
coppia 10 4
0.0101219569906 0.0100966056206 0.0103568796858 0.0103044868545 0.0100644938852 0.00984816219468 0.00975351708006 0.00977717835872 0.00983126128136 0.0101168867166 
coppia 10 5
0.0108195762554 0.0101815668448 0.0104474040992 0.0103410691974 0.0102613180211 0.00968976792408 0.00984927027674 0.0104606959619 0.0102480261584 0.0102081505702 
coppia 10 6
0.0100465112485 0.00989765894062 0.0100159251579 0.0100261205214 0.0101199178662 0.0100301986669 0.010311590701 0.0100648629029 0.00992008874044 0.00996087019467 
coppia 10 7
0.00950464825864 0.0107707784099 0.0110482863882 0.0108748439018 0.0101116969613 0.00960871375052 0.00953933675593 0.00926182877758 0.0103892049396 0.0110656306369 
coppia 10 8
0.0100570264709 0.0100815404291 0.00999539137585 0.00993515707844 0.0102083126132 0.0101487787146 0.0101025523933 0.0101249651552 0.0101025523933 0.00990714112616 
coppia 10 9
0.0212689312183 0.0119150397928 0.0101108361655 0.0101868346334 0.00997099898466 0.00977948284563 0.00986156119093 0.00989956042486 0.00970804428583 0.00986156119093 
coppia 10 10
0.026743041549 0.00993841602797 0.00996208148447 0.00978028775044 0.00981040742235 0.00969638295011 0.00982654296087 0.00992443189458 0.0098459056071 0.00982008874546 
