coppia 1 1
0.000533188175772 6.57895403868e-05 6.6014847032e-05 6.40997405481e-05 6.75919935481e-05 7.09715932255e-05 6.26352473546e-05 6.88311800965e-05 7.08589399029e-05 6.57895403868e-05 
coppia 1 2
0.000500913671824 6.31759195599e-05 5.02235343781e-05 6.81982729977e-05 6.34402539513e-05 6.89912761721e-05 5.73605629477e-05 6.89912761721e-05 6.71409354318e-05 6.26472507769e-05 
coppia 1 3
0.000433811746197 9.32036485081e-05 4.83097445146e-05 6.63649015555e-05 6.73408559901e-05 6.73408559901e-05 5.8069288861e-05 6.19731065996e-05 6.39250154689e-05 6.83168104248e-05 
coppia 1 4
0.000371726391249 0.000168638567601 7.88417200993e-05 6.47628415101e-05 6.59507468911e-05 6.94264700428e-05 6.71826487677e-05 6.68746732985e-05 6.65227013338e-05 6.87225261134e-05 
coppia 1 5
0.000451155028703 0.000105349316786 4.78860530844e-05 6.29359554824e-05 6.84086472635e-05 6.29359554824e-05 5.78053069376e-05 7.52495119898e-05 5.95155231192e-05 6.80666040271e-05 
coppia 1 6
9.73828144298e-05 6.74554129221e-05 5.99075850287e-05 6.42357101144e-05 6.66636827235e-05 6.68748107765e-05 6.51330043395e-05 6.93027833856e-05 6.70331568162e-05 6.50802223263e-05 
coppia 1 7
0.000331243203062 0.000175515879025 5.72147350743e-05 6.36675247443e-05 7.18410583263e-05 7.01203144143e-05 7.22712443043e-05 5.33430612722e-05 5.93656649643e-05 7.52825461504e-05 
coppia 1 8
8.97406844613e-05 9.70935020228e-05 6.51223619588e-05 6.32342310294e-05 6.49952762232e-05 6.64476846304e-05 6.58848763726e-05 6.81361094038e-05 6.8172419614e-05 6.53220681148e-05 
coppia 1 9
7.85738058602e-05 9.0013518653e-05 7.10133036339e-05 6.71340930675e-05 6.72132606301e-05 6.60653309727e-05 6.31757149385e-05 6.68174228172e-05 6.26611257817e-05 6.72924281926e-05 
coppia 1 10
6.61076894261e-05 6.64184520687e-05 6.57121733355e-05 6.50058946023e-05 6.63336986207e-05 6.66444612633e-05 6.65032055167e-05 6.4808136557e-05 6.36780905839e-05 6.15875055337e-05 
coppia 2 1
6.28590348212e-05 7.20711347519e-05 6.34009230524e-05 7.26130229831e-05 6.82779171334e-05 6.80069730178e-05 7.36967994455e-05 6.61103642085e-05 7.01745259426e-05 6.28590348212e-05 
coppia 2 2
0.0012982517427 2.79467107039e-05 4.63661336678e-05 7.81237594677e-05 6.28800990838e-05 7.05019292758e-05 6.98667767598e-05 6.66910141798e-05 7.11370817918e-05 5.65285739238e-05 
coppia 2 3
0.00139931440626 3.28147431953e-05 3.51586534236e-05 7.38331721895e-05 8.67246784448e-05 6.68014415048e-05 7.14892619613e-05 6.68014415048e-05 5.62538454777e-05 6.79733966189e-05 
coppia 2 4
0.000688816658662 0.000213814443324 7.44438022257e-05 6.51383269475e-05 7.12714811081e-05 7.39150820394e-05 7.15887132198e-05 7.34921058904e-05 6.39751425377e-05 6.72532076925e-05 
coppia 2 5
0.00136638848651 5.99797712059e-05 3.53305501624e-05 7.31260224291e-05 8.13424294437e-05 5.42282862958e-05 7.6412585235e-05 6.7374537519e-05 6.16230526088e-05 6.49096154146e-05 
coppia 2 6
0.000181156777363 4.4654891899e-05 5.07441953398e-05 6.77435007786e-05 7.10418734757e-05 6.91389661505e-05 6.77435007786e-05 6.95195476155e-05 6.16541973378e-05 7.70043164281e-05 
coppia 2 7
0.00120105792239 0.00019621754536 4.44071286867e-05 6.81597789145e-05 8.26179138357e-05 6.50616071456e-05 6.50616071456e-05 7.95197420669e-05 6.29961592997e-05 6.71270549915e-05 
coppia 2 8
0.000180569397537 0.000127943323726 5.53315601925e-05 6.58044107021e-05 6.99499140288e-05 6.92080871177e-05 6.92080871177e-05 7.11717465883e-05 6.58480475792e-05 6.93826346262e-05 
coppia 2 9
0.000136587307158 0.000132497297264 7.11471488541e-05 6.55352748135e-05 7.15276148908e-05 7.09569158358e-05 6.44889932127e-05 6.76278380151e-05 6.03038668095e-05 6.42987601943e-05 
coppia 2 10
6.70150043675e-05 6.94593206362e-05 6.90519345915e-05 6.42311997281e-05 7.03419903999e-05 6.84408555243e-05 6.37559160092e-05 6.69471066934e-05 6.12437020664e-05 6.27374508973e-05 
coppia 3 1
6.61415556282e-05 7.03746151884e-05 7.40785423036e-05 7.14328800785e-05 7.03746151884e-05 7.03746151884e-05 8.51903236492e-05 5.82045689528e-05 6.56124231832e-05 5.66171716178e-05 
coppia 3 2
8.93908016865e-05 1.73815447724e-05 4.59369397556e-05 9.18738795111e-05 5.46277121418e-05 6.82846401772e-05 8.93908016865e-05 6.45600234403e-05 7.20092569141e-05 6.95261790895e-05 
coppia 3 3
0.00265322912382 1.14264820147e-05 2.74235568353e-05 9.59824489236e-05 8.68412633119e-05 7.54147812971e-05 6.85588920883e-05 5.48471136706e-05 5.71324100736e-05 6.17030028795e-05 
coppia 3 4
0.000879894957636 0.000207483442615 7.22579153385e-05 6.9367598725e-05 7.30837200852e-05 7.5148231952e-05 8.03095116191e-05 7.24643665252e-05 6.13160024444e-05 6.00772953243e-05 
coppia 3 5
0.00102248832244 3.37084062344e-05 4.33393794443e-05 7.22322990738e-05 6.42064880656e-05 6.74168124689e-05 8.98890832919e-05 7.06271368722e-05 5.61806770574e-05 8.0258110082e-05 
coppia 3 6
0.000168442621631 3.49270730147e-05 6.2918273374e-05 7.2578953144e-05 7.28266628817e-05 7.70377284224e-05 6.6138499964e-05 6.96064362917e-05 6.98541460293e-05 7.60468894717e-05 
coppia 3 7
0.00281465714096 0.00019716683332 2.61547840118e-05 8.04762584978e-05 8.04762584978e-05 4.62738486362e-05 7.04167261856e-05 5.83452874109e-05 4.82857550987e-05 9.053579081e-05 
coppia 3 8
0.000205453823295 9.80826837876e-05 5.24925570923e-05 6.81721520679e-05 7.29442027126e-05 7.47337217044e-05 7.20068356217e-05 7.08990381506e-05 6.9279949539e-05 7.69493166466e-05 
coppia 3 9
0.000268735178475 0.000187204602559 8.33877644335e-05 6.46301604072e-05 8.0787700509e-05 6.94588505526e-05 6.61159112212e-05 6.22158153345e-05 5.98014702619e-05 7.16874767735e-05 
coppia 3 10
6.90727127519e-05 7.39780685519e-05 6.8409826833e-05 6.69514778114e-05 6.85424040168e-05 6.77469409141e-05 6.77469409141e-05 6.66863234438e-05 6.44325113194e-05 6.50953972384e-05 
coppia 4 1
6.2458059658e-05 7.01650812848e-05 6.67793376799e-05 6.90513498358e-05 6.87840542881e-05 7.02987290587e-05 6.96750394473e-05 6.82940124505e-05 6.64229436163e-05 6.46855225559e-05 
coppia 4 2
7.07699361367e-05 4.33818663172e-05 6.51250667846e-05 7.33833015775e-05 6.56477398727e-05 7.02472630485e-05 6.6693086049e-05 6.50205321669e-05 6.61704129609e-05 5.89575243443e-05 
coppia 4 3
0.0001831095435 3.39591987944e-05 6.44452977122e-05 7.87235972053e-05 7.94953971779e-05 6.92690475409e-05 6.63747976437e-05 6.2901697767e-05 5.80779479382e-05 5.78849979451e-05 
coppia 4 4
0.000461434969358 9.60054664678e-05 6.4542805446e-05 6.89604482871e-05 7.27171839315e-05 7.29606760566e-05 7.06996777521e-05 6.64385655628e-05 6.62472503217e-05 6.28731451596e-05 
coppia 4 5
0.000316105408309 4.5563525492e-05 5.63797926711e-05 7.44970401961e-05 6.76016698694e-05 7.19281767411e-05 7.00353299847e-05 6.03006895235e-05 6.58440264528e-05 6.03006895235e-05 
coppia 4 6
9.32697382944e-05 5.35711670633e-05 6.49195762854e-05 6.644243267e-05 7.03643093865e-05 6.74854849882e-05 6.7527207081e-05 6.61921001137e-05 6.81530384719e-05 6.83825099819e-05 
coppia 4 7
0.000487449824717 5.32165312649e-05 4.94760721983e-05 7.54892647975e-05 8.0759911664e-05 7.0218617931e-05 6.8178367531e-05 6.18875954646e-05 6.49479710645e-05 6.03574076646e-05 
coppia 4 8
0.000125341120077 7.31108697315e-05 6.30508599794e-05 6.57631878584e-05 6.89490967955e-05 6.79588818556e-05 6.85329195019e-05 6.85329195019e-05 6.71982819742e-05 6.83965855609e-05 
coppia 4 9
0.000125490536673 8.375421757e-05 6.56392784691e-05 6.99411854232e-05 6.96439627609e-05 6.72192515686e-05 6.51386929327e-05 6.61555073036e-05 6.42313816478e-05 6.71253917805e-05 
coppia 4 10
6.69483155654e-05 6.66133506777e-05 6.54744700593e-05 6.71716254906e-05 6.84556575603e-05 6.65686886926e-05 6.55079665481e-05 6.38666385981e-05 6.33976877552e-05 6.59434209022e-05 
coppia 5 1
6.33146007006e-05 7.32185605868e-05 7.39259862929e-05 6.47294521129e-05 7.67556891175e-05 7.53408377052e-05 6.79128677906e-05 6.15460364353e-05 6.57905906722e-05 7.00351449091e-05 
coppia 5 2
7.55510870639e-05 3.6530195943e-05 6.06069159963e-05 6.97394649821e-05 6.22673794483e-05 7.47208553379e-05 6.55883063522e-05 5.97766842703e-05 6.30976111743e-05 6.47580746262e-05 
coppia 5 3
0.000680977914892 3.36663238823e-05 4.7438910925e-05 8.56960971549e-05 6.12114979678e-05 8.72263846041e-05 5.81509230694e-05 5.96812105186e-05 3.06057489839e-05 7.49840850105e-05 
coppia 5 4
0.000551013111488 0.000136441341892 7.16731340507e-05 6.9601656188e-05 7.263982372e-05 7.67827794455e-05 7.27779222442e-05 6.72539812769e-05 5.89680698259e-05 6.60110945592e-05 
coppia 5 5
0.00192750148826 2.03798154018e-05 5.47037150258e-05 8.47371271969e-05 4.93406057096e-05 6.65025555216e-05 7.18656648378e-05 5.57763368891e-05 5.79215806156e-05 6.11394462053e-05 
coppia 5 6
0.0002643746686 1.98777946316e-05 5.43326386596e-05 6.90753363447e-05 6.99035777877e-05 7.20570055394e-05 6.22837565123e-05 7.3050895271e-05 7.02348743649e-05 7.2222653828e-05 
coppia 5 7
0.00085699040063 5.52462365186e-05 3.23392604011e-05 7.54582742693e-05 5.52462365186e-05 7.41108050859e-05 6.7373459169e-05 6.33310516188e-05 4.44664830515e-05 5.79411748853e-05 
coppia 5 8
0.000316734486249 0.000110193289514 4.95698872165e-05 6.50675990819e-05 7.5494368462e-05 7.21327324323e-05 6.40420152085e-05 7.0651333504e-05 6.93978421032e-05 7.01385415673e-05 
coppia 5 9
0.000155330711626 9.37447540187e-05 6.81667151739e-05 6.39450971121e-05 7.4995803215e-05 6.77942194626e-05 6.1585957607e-05 6.65525670914e-05 5.67435133597e-05 6.17101228441e-05 
coppia 5 10
6.64806744225e-05 6.82534924071e-05 6.72784425156e-05 6.89626196009e-05 7.02922330894e-05 6.8608056004e-05 6.15167840656e-05 6.64806744225e-05 6.01871705772e-05 6.13395022672e-05 
coppia 6 1
6.96941654134e-05 6.87785542759e-05 6.86169758398e-05 6.57624234697e-05 6.64087372139e-05 6.85631163611e-05 6.65164561713e-05 6.63548777352e-05 6.86169758398e-05 6.61394398205e-05 
coppia 6 2
6.41975626915e-05 6.73568915641e-05 6.87469962681e-05 6.41975626915e-05 6.55876673955e-05 6.77360110288e-05 6.16700995934e-05 6.60931600151e-05 6.67250257896e-05 6.82415036485e-05 
coppia 6 3
8.2316790923e-05 6.5293771837e-05 6.43610036679e-05 6.80920763443e-05 6.29618514142e-05 6.22622752874e-05 5.82980105687e-05 6.38946195833e-05 6.87916524711e-05 6.31950434565e-05 
coppia 6 4
9.97434435408e-05 7.22729801784e-05 6.84658179513e-05 6.86971924513e-05 6.58575963151e-05 6.7056536906e-05 6.60679367696e-05 6.47638259515e-05 6.65306857696e-05 6.76244561332e-05 
coppia 6 5
6.78415071996e-05 5.3946258737e-05 7.16013979601e-05 6.88223482676e-05 5.55809938503e-05 6.63702455977e-05 6.55528780411e-05 6.16295137693e-05 6.7514560177e-05 6.16295137693e-05 
coppia 6 6
0.000261217917188 2.69390436034e-05 6.43711978239e-05 7.44355034398e-05 6.43459740003e-05 6.46234360599e-05 6.84826810705e-05 6.52288078262e-05 6.64143275354e-05 6.75493995973e-05 
coppia 6 7
9.45230469792e-05 5.52754339944e-05 6.80154968481e-05 7.2741649197e-05 6.34948293838e-05 5.69193130722e-05 5.6302858418e-05 5.83577072654e-05 7.00703456954e-05 6.06180409975e-05 
coppia 6 8
0.000219709877809 6.12435645021e-05 5.17173661988e-05 6.995422306e-05 6.85226905281e-05 6.54947823242e-05 6.57203571474e-05 6.65358968929e-05 6.6067395337e-05 6.75683355068e-05 
coppia 6 9
7.25691614653e-05 6.61765691861e-05 6.69709149723e-05 6.78030867483e-05 6.63089601505e-05 6.81624336516e-05 6.52687454305e-05 6.58928742625e-05 6.46446165985e-05 6.52498324356e-05 
coppia 6 10
6.78644185288e-05 6.71894193391e-05 6.50024219646e-05 6.7459419015e-05 6.73649191284e-05 6.61769205546e-05 6.69734195984e-05 6.80399183181e-05 6.47189223049e-05 6.68924196957e-05 
coppia 7 1
7.57267128376e-05 7.09338829112e-05 8.53123726905e-05 7.28510148817e-05 6.80581849553e-05 7.28510148817e-05 7.86024107935e-05 6.37446380215e-05 5.55968271466e-05 7.04545999185e-05 
coppia 7 2
1.9121018048e-05 3.59925045609e-05 6.18621172141e-05 8.88564956348e-05 5.62382883764e-05 7.31097748894e-05 9.22307929374e-05 5.62382883764e-05 7.53593064244e-05 6.97354775868e-05 
coppia 7 3
0.00019296527455 1.86740588274e-05 5.80970719076e-05 0.000101669875838 9.12953987119e-05 8.92205032866e-05 6.01719673328e-05 3.94230130801e-05 5.80970719076e-05 5.3947281057e-05 
coppia 7 4
0.000623280110724 0.000141229436854 7.35141307066e-05 7.46364838472e-05 8.024824955e-05 7.48235427039e-05 8.38023678284e-05 6.5470599866e-05 5.85494221658e-05 6.02329518767e-05 
coppia 7 5
0.000499168295391 4.36590345823e-05 5.6756744957e-05 7.42203587899e-05 5.6756744957e-05 7.27650576372e-05 8.73180691646e-05 6.40332507207e-05 7.71309610954e-05 8.73180691646e-05 
coppia 7 6
0.000136219205651 3.81503541363e-05 7.18124313153e-05 6.82218097496e-05 7.80960190554e-05 7.49542251854e-05 6.53044297274e-05 7.29345005546e-05 7.7198363664e-05 7.96669159905e-05 
coppia 7 7
0.00324992526812 0.000116654636657 3.46318452576e-05 0.000105718264471 8.56682487952e-05 6.37955044219e-05 8.38455200974e-05 3.82773026532e-05 4.55682174442e-05 7.47318766086e-05 
coppia 7 8
0.000181349826363 8.16035617137e-05 6.5159324585e-05 6.47733096289e-05 7.58133373726e-05 7.31884356713e-05 6.69349933829e-05 7.04863309788e-05 7.37288566098e-05 8.51548993095e-05 
coppia 7 9
0.000441224801007 0.000166258620669 8.43072560277e-05 6.93305179309e-05 8.07734189487e-05 6.69746265449e-05 6.93305179309e-05 6.46187351589e-05 6.46187351589e-05 6.89939620187e-05 
coppia 7 10
7.18322718854e-05 7.23127553094e-05 6.43847788137e-05 6.95499756215e-05 6.41445371017e-05 6.31835702537e-05 7.02707007574e-05 7.05109424694e-05 6.65469542216e-05 6.60664707976e-05 
coppia 8 1
6.7869960711e-05 6.95361626924e-05 6.80921209752e-05 6.57964649118e-05 6.87586017677e-05 6.9887916444e-05 6.55743046476e-05 6.74626668933e-05 6.66110525472e-05 6.81661743965e-05 
coppia 8 2
6.10734346805e-05 6.28978189313e-05 6.77194058797e-05 6.1334061002e-05 6.74153418379e-05 6.68506514746e-05 6.23765662882e-05 6.98478541723e-05 6.71981532366e-05 6.437470142e-05 
coppia 8 3
6.99688770741e-05 6.29960336543e-05 6.53203147942e-05 6.42783956625e-05 6.33967717819e-05 6.3877657535e-05 6.33967717819e-05 6.83659245638e-05 6.22747050247e-05 5.85077666255e-05 
coppia 8 4
9.76067412681e-05 7.1137239062e-05 6.75004841837e-05 6.60689186451e-05 6.67702411564e-05 6.76089361184e-05 6.67919315433e-05 6.64738058681e-05 6.7370341862e-05 6.66617892217e-05 
coppia 8 5
4.23130742679e-05 5.8215597532e-05 6.97912858443e-05 6.32167444242e-05 6.09128452941e-05 6.85550472867e-05 6.61387628331e-05 6.14185792495e-05 6.39472490264e-05 6.4621560967e-05 
coppia 8 6
1.71712780611e-05 4.34051750989e-05 7.37237549481e-05 6.89452831241e-05 6.44876887183e-05 6.71674487794e-05 6.81647704849e-05 6.47565319607e-05 6.74189472964e-05 6.68552437237e-05 
coppia 8 7
6.68812705605e-05 6.20788139627e-05 6.66693974753e-05 6.57512807728e-05 6.03132049194e-05 5.85475958761e-05 6.22906870479e-05 6.44800422616e-05 6.35619255591e-05 5.54401239599e-05 
coppia 8 8
0.000183820821033 4.4063550532e-05 6.14008606201e-05 7.06496131719e-05 6.64174364963e-05 6.53914542719e-05 6.82665905054e-05 6.59879555652e-05 6.65158592097e-05 6.73092059297e-05 
coppia 8 9
7.12470837552e-05 6.60590946288e-05 6.68652483277e-05 6.63516504066e-05 6.59355710782e-05 6.59940822337e-05 6.58250500066e-05 6.49603851522e-05 6.54024694386e-05 6.56235115818e-05 
coppia 8 10
6.69688390154e-05 6.55256050792e-05 6.56044956802e-05 6.68203390606e-05 6.72194326892e-05 6.65790266339e-05 6.66068703755e-05 6.5776198753e-05 6.56230581746e-05 6.57437143879e-05 
coppia 9 1
6.89009885814e-05 7.02149526068e-05 6.81208224413e-05 6.60677536516e-05 6.3809377983e-05 6.76691473076e-05 6.7381717677e-05 6.57803240211e-05 6.41789303651e-05 6.82029451929e-05 
coppia 9 2
6.31079499541e-05 6.38787340757e-05 6.59020423949e-05 6.90815268964e-05 6.16627297262e-05 6.49385622429e-05 6.53239543037e-05 6.7925350714e-05 6.2048121787e-05 6.32042979693e-05 
coppia 9 3
7.05520529315e-05 6.13109779883e-05 6.69977933379e-05 6.77086452566e-05 6.52206635412e-05 6.48652375818e-05 5.97115611712e-05 6.93080620737e-05 5.50910236996e-05 6.43320986428e-05 
coppia 9 4
9.80270017325e-05 7.12792446754e-05 6.81522586885e-05 6.85371185023e-05 6.8248473642e-05 6.50894160039e-05 6.40631231672e-05 6.54582399921e-05 6.60676013639e-05 6.60194938872e-05 
coppia 9 5
7.82855660489e-05 6.32018821446e-05 6.84375410205e-05 7.11800290031e-05 6.32018821446e-05 6.38251748679e-05 6.58197115825e-05 7.10553704584e-05 6.46977846805e-05 6.10826868853e-05 
coppia 9 6
7.06493824642e-05 6.53405805148e-05 6.64369635261e-05 6.97068777703e-05 6.75910509064e-05 6.70524767956e-05 6.50135890904e-05 6.90336601318e-05 6.77641640134e-05 6.77641640134e-05 
coppia 9 7
0.000128989052993 6.51206869481e-05 7.18519118009e-05 6.01114033367e-05 6.3085665481e-05 6.44945264967e-05 6.10506440139e-05 6.33987457067e-05 6.48076067224e-05 6.0894103901e-05 
coppia 9 8
7.57725082639e-05 6.77407414751e-05 6.57228758486e-05 6.72842407268e-05 6.88191417935e-05 6.83295612809e-05 6.59345863406e-05 6.78399807682e-05 6.92624106361e-05 6.69269792716e-05 
coppia 9 9
0.000276131038921 7.46884643941e-05 6.81568284152e-05 6.85893870893e-05 6.87479919365e-05 6.45377541753e-05 6.584984882e-05 6.55038018807e-05 6.7320548312e-05 6.59363605548e-05 
coppia 9 10
6.79564643015e-05 6.5372842287e-05 6.60316144342e-05 6.74315052468e-05 6.71535857472e-05 6.73903319876e-05 6.726681221e-05 6.78020645796e-05 6.778147795e-05 6.76167849132e-05 
coppia 10 1
6.87609845528e-05 6.91675106439e-05 6.86157966631e-05 6.82383081499e-05 6.69896922987e-05 6.60895273826e-05 6.73962183898e-05 6.7280068078e-05 6.6379903162e-05 6.69606547207e-05 
coppia 10 2
6.6085878531e-05 6.81297716815e-05 6.74484739647e-05 6.77209930514e-05 6.66990464762e-05 6.33606876638e-05 6.6085878531e-05 6.74484739647e-05 6.68353060195e-05 6.71078251062e-05 
coppia 10 3
6.27212684428e-05 7.00115160774e-05 6.88802707548e-05 6.91316586042e-05 6.51094530127e-05 5.95789203244e-05 6.34754319912e-05 6.18414109696e-05 6.69948618837e-05 6.97601282279e-05 
coppia 10 4
6.79152503859e-05 6.774515041e-05 6.94915101628e-05 6.91399702125e-05 6.75296904405e-05 6.6078170646e-05 6.54431307359e-05 6.56018907134e-05 6.5964770662e-05 6.78812303907e-05 
coppia 10 5
7.17506307709e-05 6.75196353446e-05 6.92825501056e-05 6.85773842012e-05 6.80485097729e-05 6.42582430368e-05 6.53159918934e-05 6.93706958436e-05 6.79603640348e-05 6.76959268207e-05 
coppia 10 6
6.70166385161e-05 6.60236986721e-05 6.68126097811e-05 6.68806193594e-05 6.75063074803e-05 6.69078231908e-05 6.87848875535e-05 6.71390557572e-05 6.61733197445e-05 6.64453580579e-05 
coppia 10 7
6.06853771054e-05 6.87693780701e-05 7.0541213898e-05 6.94338165056e-05 6.45612679789e-05 6.13498155408e-05 6.09068565838e-05 5.91350207559e-05 6.63331038068e-05 7.06519536373e-05 
coppia 10 8
6.71770202062e-05 6.73407639005e-05 6.67653217747e-05 6.63629801257e-05 6.81875527199e-05 6.77898894622e-05 6.74811156386e-05 6.76308241591e-05 6.74811156386e-05 6.6175844475e-05 
coppia 10 9
0.000142689874739 7.99361057725e-05 6.7831990764e-05 6.83418523903e-05 6.68938453716e-05 6.56089940733e-05 6.61596446297e-05 6.64145754429e-05 6.51297241446e-05 6.61596446297e-05 
coppia 10 10
0.000180951802551 6.7246438348e-05 6.74065662453e-05 6.6176492852e-05 6.63802919941e-05 6.56087666705e-05 6.64894701059e-05 6.71518173177e-05 6.66204838401e-05 6.64457988612e-05 
