coppia 1 1
4213 65 57 49 63 67 56 61 41 61 
coppia 1 2
23 621 440 274 181 141 72 54 47 42 
coppia 1 3
7 13 145 174 151 133 100 77 44 45 
coppia 1 4
147 1022 1095 1115 1026 937 897 805 768 637 
coppia 1 5
14 22 126 201 247 198 179 136 118 78 
coppia 1 6
130 120 128 167 177 228 231 229 226 209 
coppia 1 7
15 14 12 55 104 108 129 116 119 98 
coppia 1 8
351 358 350 381 476 499 555 633 690 650 
coppia 1 9
158 161 167 169 171 217 197 224 261 260 
coppia 1 10
236 232 233 238 212 232 233 263 227 234 
coppia 2 1
23 17 27 21 17 23 31 24 23 26 
coppia 2 2
1774 151 63 18 11 11 8 2 4 2 
coppia 2 3
37 441 294 173 115 58 38 15 13 10 
coppia 2 4
405 844 880 833 758 682 646 551 491 424 
coppia 2 5
50 382 377 304 209 142 90 45 39 25 
coppia 2 6
52 70 161 196 243 201 193 136 102 74 
coppia 2 7
9 20 151 210 198 180 159 121 72 43 
coppia 2 8
133 152 298 393 491 539 549 562 524 497 
coppia 2 9
65 72 57 115 158 193 203 195 187 191 
coppia 2 10
92 108 111 101 109 97 114 87 84 84 
coppia 3 1
7 17 13 8 22 16 8 11 11 12 
coppia 3 2
37 22 6 3 2 1 0 1 0 0 
coppia 3 3
935 110 64 29 15 5 2 0 1 0 
coppia 3 4
445 622 583 527 481 433 371 290 275 235 
coppia 3 5
187 126 122 70 59 27 17 12 11 6 
coppia 3 6
54 96 105 115 92 79 54 36 22 27 
coppia 3 7
48 324 286 216 161 146 80 58 42 38 
coppia 3 8
148 208 227 262 285 286 268 263 239 225 
coppia 3 9
39 42 130 181 196 200 190 164 165 140 
coppia 3 10
50 54 67 45 51 53 48 47 46 60 
coppia 4 1
147 128 133 150 139 140 123 141 147 154 
coppia 4 2
405 39 32 20 28 33 28 23 30 39 
coppia 4 3
445 232 104 56 31 16 18 15 18 14 
coppia 4 4
10723 2824 2569 2180 1930 1666 1443 1203 1057 936 
coppia 4 5
579 541 399 270 161 121 99 65 52 51 
coppia 4 6
614 608 596 513 493 416 341 347 282 261 
coppia 4 7
561 582 462 363 262 203 152 125 90 67 
coppia 4 8
1716 1838 1942 1954 1888 1810 1780 1631 1523 1386 
coppia 4 9
737 852 872 919 855 829 772 747 749 690 
coppia 4 10
612 630 622 596 564 588 541 630 601 612 
coppia 5 1
14 22 17 14 18 22 22 16 17 17 
coppia 5 2
50 15 7 5 4 3 2 1 2 2 
coppia 5 3
187 104 64 38 26 13 6 3 2 2 
coppia 5 4
579 563 517 469 439 383 307 280 249 204 
coppia 5 5
1365 201 122 59 19 17 6 4 2 2 
coppia 5 6
126 399 340 289 185 107 66 37 29 18 
coppia 5 7
120 141 117 89 66 43 26 13 15 6 
coppia 5 8
221 642 641 699 688 666 598 524 493 387 
coppia 5 9
92 118 155 163 141 137 120 126 111 88 
coppia 5 10
82 83 68 68 72 71 77 54 78 97 
coppia 6 1
130 128 134 109 130 134 143 127 139 120 
coppia 6 2
52 56 50 57 42 55 50 58 45 43 
coppia 6 3
54 52 39 36 31 32 29 30 21 29 
coppia 6 4
614 505 522 550 452 447 430 411 406 405 
coppia 6 5
126 89 46 32 27 21 18 23 18 15 
coppia 6 6
8904 505 327 201 118 88 60 56 49 48 
coppia 6 7
103 90 66 51 28 23 25 25 21 28 
coppia 6 8
841 4445 3952 3438 2996 2688 2219 1900 1495 1350 
coppia 6 9
422 415 402 377 374 397 341 405 347 357 
coppia 6 10
515 476 516 498 477 507 505 507 528 498 
coppia 7 1
15 16 20 11 18 15 12 13 19 19 
coppia 7 2
9 1 1 1 1 1 1 1 0 1 
coppia 7 3
48 25 7 8 1 0 1 1 2 0 
coppia 7 4
561 529 448 394 337 275 243 219 173 153 
coppia 7 5
120 86 55 33 19 13 6 5 2 4 
coppia 7 6
103 116 97 70 58 49 28 26 31 29 
coppia 7 7
1047 215 165 106 88 50 37 31 25 19 
coppia 7 8
221 226 292 270 277 253 246 214 192 158 
coppia 7 9
169 367 344 338 286 249 258 224 196 191 
coppia 7 10
59 68 56 52 57 49 55 63 74 65 
coppia 8 1
351 372 352 388 389 373 395 378 331 337 
coppia 8 2
133 126 137 144 147 153 124 135 159 148 
coppia 8 3
148 114 101 74 65 74 73 75 74 75 
coppia 8 4
1716 1632 1531 1450 1293 1290 1247 1187 1095 1059 
coppia 8 5
221 61 49 38 54 49 59 60 72 90 
coppia 8 6
841 244 186 95 75 50 73 86 141 189 
coppia 8 7
221 119 96 82 64 67 68 73 83 74 
coppia 8 8
25895 6937 6049 5059 4396 3566 2991 2596 2203 1941 
coppia 8 9
1214 1192 1116 1099 1103 1044 1041 1075 1053 1022 
coppia 8 10
1450 1426 1399 1424 1454 1459 1481 1481 1397 1460 
coppia 9 1
158 172 180 185 172 163 167 164 178 139 
coppia 9 2
65 64 71 58 77 75 69 54 63 59 
coppia 9 3
39 46 35 49 44 42 40 39 31 32 
coppia 9 4
737 724 686 659 564 606 564 566 531 476 
coppia 9 5
92 78 66 52 56 61 58 54 59 52 
coppia 9 6
422 409 393 359 353 362 355 326 350 344 
coppia 9 7
169 120 94 82 69 71 62 63 49 45 
coppia 9 8
1214 1191 1207 1190 1169 1113 1113 1099 1069 1088 
coppia 9 9
11777 1161 1030 885 843 751 710 695 647 652 
coppia 9 10
705 608 679 656 648 625 648 684 690 659 
coppia 10 1
236 209 265 217 226 239 245 257 234 240 
coppia 10 2
92 83 101 90 95 88 95 104 111 111 
coppia 10 3
50 48 49 46 58 39 50 50 50 59 
coppia 10 4
612 614 566 593 591 598 588 600 625 602 
coppia 10 5
82 95 103 74 71 76 76 77 77 83 
coppia 10 6
515 444 510 518 514 474 484 456 506 506 
coppia 10 7
59 61 46 53 62 55 57 46 51 58 
coppia 10 8
1450 1496 1429 1479 1446 1415 1392 1413 1430 1409 
coppia 10 9
705 2268 2012 1780 1552 1371 1237 1052 1060 956 
coppia 10 10
16576 924 944 943 909 926 964 906 885 884 
