351 372 352 388 389 373 395 378 331 337 395 366 389 372 383 372 361 362 390 366 405 362 356 364 358 345 389 357 370 372 325 373 341 336 353 348 380 382 339 377 368 367 360 355 371 404 393 374 364 358 356 374 388 411 356 377 364 400 374 375 368 355 365 349 358 342 331 358 340 376 335 375 356 413 350 364 367 343 374 367 376 359 360 365 363 367 387 348 322 351 339 348 370 378 388 393 356 377 382 351
133 126 137 144 147 153 124 135 159 148 142 155 139 137 145 152 137 152 145 144 161 159 143 153 158 158 143 181 141 162 154 126 143 117 144 134 148 162 151 133 140 153 148 148 154 157 165 160 169 158 166 160 153 148 148 145 163 155 146 155 153 145 149 120 152 146 130 143 145 153 150 158 155 165 163 167 181 148 156 165 140 153 155 147 135 153 167 169 158 170 145 152 145 142 133 141 150 167 155 152
148 114 101 74 65 74 73 75 74 75 72 84 82 82 84 79 81 76 66 80 73 90 101 83 76 70 69 84 86 83 88 95 88 88 70 79 68 60 74 92 74 73 84 86 83 66 75 87 76 87 75 75 91 82 70 83 74 77 92 78 84 76 86 88 83 74 78 66 74 82 78 81 85 79 96 96 88 87 82 81 78 71 72 80 73 69 82 77 85 90 82 71 77 63 75 72 64 79 62 85
1716 1632 1531 1450 1293 1290 1247 1187 1095 1059 1024 1010 997 965 999 950 991 950 984 969 961 900 935 941 943 873 949 948 931 955 918 912 944 934 905 904 919 928 884 890 930 888 912 940 910 918 934 937 926 940 923 926 927 950 940 928 900 941 951 965 926 941 952 958 958 939 905 888 895 876 897 885 906 914 902 923 963 962 922 920 944 909 905 911 907 928 937 978 940 959 891 950 917 903 918 913 929 942 907 950
221 61 49 38 54 49 59 60 72 90 95 110 94 107 103 99 116 101 110 101 123 123 146 129 128 115 130 108 124 116 126 104 117 106 109 117 113 110 110 113 112 97 87 111 111 94 118 115 122 117 125 120 118 106 125 132 115 114 133 132 122 137 150 102 102 110 111 107 119 117 87 100 111 116 94 111 111 130 126 107 114 124 120 115 107 108 114 107 107 122 119 109 124 111 105 111 115 103 125 128
841 244 186 95 75 50 73 86 141 189 241 281 371 422 492 499 626 635 701 737 730 801 875 852 862 891 897 846 859 888 837 843 887 794 795 785 728 760 760 761 767 738 724 735 752 759 724 749 761 727 790 756 764 732 781 760 794 763 790 815 795 806 807 799 785 772 764 749 820 763 808 748 749 749 720 704 784 719 744 742 755 791 787 781 772 803 776 778 745 786 758 786 767 768 758 750 748 793 793 788
221 119 96 82 64 67 68 73 83 74 90 84 79 77 89 88 92 83 100 97 90 84 95 97 96 96 93 101 90 102 95 99 93 111 82 92 98 93 92 76 92 103 64 76 92 99 92 77 79 80 86 72 86 86 84 94 89 65 86 81 88 82 82 93 91 97 76 106 80 87 85 78 82 105 92 92 97 92 89 101 93 99 96 76 100 83 86 96 99 72 78 84 83 69 80 87 81 74 71 78
25895 6937 6049 5059 4396 3566 2991 2596 2203 1941 1719 1530 1427 1387 1394 1334 1430 1470 1481 1602 1639 1778 1860 1969 2014 2137 2208 2275 2364 2343 2341 2382 2317 2381 2427 2431 2371 2355 2340 2343 2342 2280 2299 2154 2230 2194 2212 2163 2206 2189 2148 2193 2197 2218 2251 2229 2180 2153 2189 2167 2275 2306 2280 2334 2286 2237 2288 2282 2231 2370 2279 2295 2253 2231 2204 2157 2169 2151 2190 2196 2211 2206 2203 2224 2237 2192 2279 2257 2268 2225 2209 2259 2218 2287 2222 2289 2233 2255 2311 2285
1214 1192 1116 1099 1103 1044 1041 1075 1053 1022 1023 1050 1033 1017 1022 992 983 1002 1007 1032 1039 1011 986 1029 1028 1024 1064 1049 1028 1027 1028 1037 1054 1061 1011 991 992 1013 1010 1009 1025 1012 1000 1044 1017 1015 1016 1001 1004 1008 1015 1032 1004 982 1011 1017 1048 1027 993 1022 1021 976 1006 1009 1047 1028 999 974 1051 1014 1024 1042 982 973 1003 1011 1008 1015 981 953 1006 995 1016 973 974 1015 974 1025 1045 1037 991 967 982 1058 1029 1012 995 1030 1016 1014
1450 1426 1399 1424 1454 1459 1481 1481 1397 1460 1455 1395 1412 1395 1426 1400 1401 1434 1372 1430 1402 1389 1444 1449 1357 1433 1412 1405 1380 1466 1474 1422 1483 1471 1443 1452 1411 1433 1398 1412 1467 1434 1491 1438 1449 1478 1454 1448 1393 1433 1415 1468 1418 1458 1442 1436 1439 1410 1447 1414 1417 1470 1399 1400 1465 1433 1441 1402 1442 1484 1435 1466 1475 1425 1447 1381 1380 1396 1395 1374 1398 1390 1372 1464 1394 1429 1416 1444 1402 1432 1364 1429 1440 1461 1397 1425 1382 1431 1403 1435
