7 17 13 8 22 16 8 11 11 12 10 12 15 17 9 13 14 15 11 17 9 13 13 11 13 16 21 11 19 14 8 8 21 20 14 13 14 16 12 9 10 18 20 11 10 13 11 15 16 9 11 16 13 11 15 13 15 11 12 16 20 12 15 16 12 19 16 20 17 14 11 7 10 15 10 12 18 11 6 10 12 13 15 9 10 16 18 8 17 6 4 11 10 10 11 11 11 7 17 15
37 22 6 3 2 1 0 1 0 0 0 0 1 0 0 3 1 2 4 3 4 1 2 2 3 6 2 5 6 6 8 10 3 6 7 11 6 4 8 11 3 5 6 9 2 4 6 2 4 3 7 4 7 3 7 9 8 6 3 1 9 8 6 8 7 7 4 7 8 8 7 8 7 4 5 4 3 4 5 5 5 3 3 10 6 4 3 9 6 9 5 6 2 6 9 6 4 4 6 8
935 110 64 29 15 5 2 0 1 0 1 1 0 0 0 0 0 1 1 1 0 1 2 0 0 2 2 0 2 3 3 5 5 4 4 4 4 4 4 5 2 3 5 4 2 3 6 7 3 3 0 3 5 6 1 3 4 5 4 2 3 4 6 2 2 5 3 2 2 1 1 5 0 1 5 4 2 1 3 2 3 6 1 2 3 1 2 1 4 2 4 3 2 2 1 2 3 4 4 2
445 622 583 527 481 433 371 290 275 235 188 157 147 97 94 80 78 69 58 37 43 29 35 41 30 36 38 27 33 38 33 30 23 41 33 35 33 38 33 37 38 31 36 37 40 28 31 33 39 41 39 40 31 38 35 30 38 32 39 42 31 46 39 41 42 35 40 30 43 42 55 36 31 31 37 33 32 28 32 36 29 36 21 33 26 30 28 34 25 35 34 31 35 30 26 27 27 29 26 26
187 126 122 70 59 27 17 12 11 6 1 1 0 5 3 4 1 3 1 2 1 3 3 0 2 4 4 2 4 4 4 2 4 5 6 5 3 6 7 3 7 5 5 4 2 6 3 5 2 1 2 3 5 4 2 8 5 4 5 4 5 5 5 5 9 5 5 4 10 3 6 5 5 5 5 4 2 2 7 3 5 4 3 2 2 3 5 2 6 3 9 6 5 9 4 2 6 3 4 2
54 96 105 115 92 79 54 36 22 27 27 16 12 10 15 9 12 11 14 15 17 20 20 24 21 21 25 27 38 41 27 27 28 30 28 36 24 32 32 29 25 26 25 29 33 42 23 22 37 32 28 36 26 34 36 40 31 33 27 20 26 25 21 30 31 31 27 27 25 24 24 32 32 38 22 34 32 25 26 16 27 30 27 28 24 23 22 25 38 38 31 33 35 26 29 34 29 26 32 32
48 324 286 216 161 146 80 58 42 38 23 18 12 13 9 11 2 3 2 5 0 3 3 1 2 1 1 0 1 1 0 3 5 5 5 5 7 2 5 3 4 4 4 2 7 5 2 3 2 7 1 0 3 3 4 3 2 2 2 3 4 2 5 4 3 6 4 1 2 4 3 3 2 2 2 5 3 3 2 4 1 3 2 3 3 3 1 3 2 3 3 4 8 6 8 4 1 5 3 3
148 208 227 262 285 286 268 263 239 225 182 169 143 132 119 91 104 78 66 67 57 60 57 60 61 65 59 65 60 72 82 82 78 81 88 79 91 68 73 78 86 88 76 78 87 72 97 92 97 83 81 92 77 84 77 96 94 91 96 89 93 71 79 96 86 89 81 88 86 76 71 76 83 89 79 94 83 82 83 92 89 74 81 86 92 86 89 78 76 62 77 85 89 93 84 100 99 98 80 98
39 42 130 181 196 200 190 164 165 140 155 132 137 120 110 94 64 82 61 53 46 51 54 45 48 49 38 44 35 39 40 31 27 34 35 38 29 33 43 38 40 38 48 52 51 43 49 36 38 40 37 36 38 38 43 38 42 42 31 29 34 38 32 34 43 33 35 30 36 41 35 33 32 41 37 31 30 36 26 34 34 38 32 38 29 21 33 27 37 33 30 49 33 41 41 49 40 33 38 32
50 54 67 45 51 53 48 47 46 60 57 56 59 54 48 55 64 61 51 53 54 46 60 57 58 47 53 47 40 54 55 43 36 50 49 59 47 56 50 60 64 54 43 45 58 50 48 56 45 54 55 56 54 56 50 48 39 45 56 52 46 41 54 51 60 43 43 58 57 58 38 60 51 53 48 58 50 55 44 46 46 46 59 52 45 48 47 46 48 49 51 45 48 45 41 57 61 55 41 47
