23 17 27 21 17 23 31 24 23 26 17 31 22 26 25 24 29 30 34 28 16 22 26 29 22 21 26 27 19 26 29 21 20 25 29 19 28 40 30 27 22 21 20 24 26 32 29 25 24 29 25 25 21 28 21 35 32 25 20 19 24 30 20 29 34 25 23 28 28 31 34 27 26 22 23 18 19 27 26 22 28 28 26 20 27 25 22 33 28 22 23 22 15 21 29 31 17 18 26 30
1774 151 63 18 11 11 8 2 4 2 3 3 5 4 4 5 7 1 5 7 8 9 4 6 4 9 6 12 6 9 13 12 19 13 8 8 10 15 12 13 16 10 9 11 7 10 11 11 6 8 11 6 15 13 11 11 8 8 21 7 10 11 11 10 4 10 14 14 14 12 10 18 15 15 11 7 7 6 10 6 6 11 13 9 13 14 11 5 13 17 11 15 10 5 11 7 10 9 2 9
37 441 294 173 115 58 38 15 13 10 2 3 7 4 3 2 4 0 0 3 0 2 6 4 2 2 5 5 3 1 5 6 5 14 7 4 3 5 8 6 12 5 10 8 7 4 4 8 13 3 5 5 3 3 10 7 5 6 8 5 5 8 6 7 5 3 7 7 5 8 5 5 8 11 3 10 2 7 2 4 4 3 6 8 3 5 7 4 3 5 5 7 7 4 6 8 6 4 7 4
405 844 880 833 758 682 646 551 491 424 370 306 266 232 199 155 137 118 118 121 87 78 85 66 74 77 64 57 62 54 62 55 62 52 56 77 68 58 62 64 68 61 78 76 62 64 66 65 63 71 71 75 69 81 65 63 63 62 75 75 74 73 74 53 71 70 68 62 66 66 72 72 68 66 66 81 79 65 67 59 64 61 64 63 67 59 61 59 61 46 63 74 69 77 68 70 49 59 57 50
50 382 377 304 209 142 90 45 39 25 18 10 4 12 3 8 7 1 5 5 3 4 5 3 0 5 4 2 10 7 11 10 11 10 9 8 8 3 9 10 8 16 14 13 9 8 6 8 10 7 4 6 3 6 6 6 9 6 7 13 9 11 8 5 11 8 6 11 11 13 8 12 9 12 13 13 5 5 3 2 5 5 6 6 8 11 5 10 8 11 6 15 17 6 10 6 6 5 4 4
52 70 161 196 243 201 193 136 102 74 49 62 35 30 33 24 32 38 25 24 26 28 41 38 40 32 35 54 47 59 53 51 60 54 52 52 57 48 52 55 52 56 62 48 45 60 69 60 49 59 45 60 46 52 59 55 70 57 56 45 50 55 55 51 49 58 59 53 45 59 46 48 61 68 67 53 63 45 50 47 46 40 57 55 48 44 53 46 49 48 56 63 66 67 58 56 66 64 57 54
9 20 151 210 198 180 159 121 72 43 53 36 24 15 16 11 10 10 11 4 9 3 4 2 3 6 7 1 6 2 4 5 2 8 9 7 10 10 4 7 5 9 4 10 11 8 6 6 8 13 6 8 5 3 3 5 7 8 7 11 5 4 5 7 11 6 5 6 7 7 9 6 11 7 7 9 11 3 8 6 6 4 4 5 4 4 9 8 7 10 5 4 5 8 5 10 9 5 6 8
133 152 298 393 491 539 549 562 524 497 483 413 354 320 284 285 223 215 202 153 136 148 119 119 126 124 122 128 121 125 145 154 140 138 163 155 150 169 153 141 134 136 150 173 153 175 151 177 180 174 163 162 156 157 156 145 150 170 165 162 171 164 157 123 162 155 158 153 163 180 160 153 147 166 161 169 178 189 156 152 154 161 129 134 150 157 159 158 152 155 138 143 134 166 169 176 146 173 184 161
65 72 57 115 158 193 203 195 187 191 162 154 157 177 147 145 125 122 104 100 75 78 98 80 75 63 76 63 76 64 73 70 73 69 78 64 62 70 61 69 80 56 79 85 77 73 80 78 71 73 75 86 75 60 67 71 75 73 88 76 65 68 65 62 70 74 71 67 57 79 62 70 77 82 72 69 78 68 71 62 59 65 69 75 81 68 44 54 55 64 71 64 54 60 58 85 79 67 76 62
92 108 111 101 109 97 114 87 84 84 109 116 103 101 114 87 80 103 103 107 93 114 86 100 111 112 103 91 97 110 95 90 97 91 90 92 105 88 89 109 84 108 105 92 107 122 108 110 110 90 93 89 114 94 108 102 106 94 99 109 91 106 86 85 90 94 99 97 97 94 91 104 107 101 97 96 114 91 98 87 83 107 101 98 86 83 87 83 75 99 88 90 101 84 82 89 105 99 94 92
