130 128 134 109 130 134 143 127 139 120 102 131 138 139 121 129 130 123 132 132 117 127 133 129 129 114 126 136 135 128 124 100 125 142 115 111 114 119 148 123 114 140 124 132 125 120 110 124 116 128 118 129 132 112 135 145 121 135 120 126 121 130 135 126 135 117 123 116 111 121 116 125 115 122 130 122 128 114 146 114 120 147 127 116 133 112 117 135 133 134 114 123 117 108 120 137 146 131 113 119
52 56 50 57 42 55 50 58 45 43 58 57 48 56 67 56 45 43 56 47 63 50 54 61 43 56 48 51 61 57 61 64 49 45 60 49 43 39 44 54 53 39 51 67 52 50 46 54 54 53 59 49 55 47 57 54 55 47 64 49 53 52 51 47 46 49 44 50 50 46 48 51 58 49 45 55 54 57 55 51 56 67 52 58 54 42 57 37 57 48 69 55 59 64 46 42 46 63 57 39
54 52 39 36 31 32 29 30 21 29 20 23 34 20 23 36 33 28 32 31 24 27 32 30 38 25 26 23 23 28 25 32 34 36 31 40 29 23 23 19 23 31 13 29 34 39 27 25 25 24 33 29 29 25 27 27 25 22 24 26 24 27 25 26 21 14 33 27 28 25 24 20 26 24 31 26 36 27 36 24 28 32 30 36 31 27 26 27 32 26 18 25 38 24 32 32 19 22 33 28
614 505 522 550 452 447 430 411 406 405 389 370 359 325 358 325 332 320 339 319 348 327 331 321 333 343 318 320 304 310 332 336 335 317 323 312 321 327 332 331 336 318 274 310 310 313 304 307 336 323 319 314 323 326 319 301 329 319 302 336 315 329 322 321 323 288 319 316 309 299 305 292 304 307 309 305 290 341 307 319 311 305 328 292 335 296 320 319 316 341 325 334 316 342 341 305 316 326 320 290
126 89 46 32 27 21 18 23 18 15 20 35 32 31 32 40 37 46 27 30 41 33 41 45 47 51 47 45 43 45 34 38 53 35 39 45 44 55 35 43 38 36 28 26 34 47 24 33 38 36 46 48 42 34 38 34 49 33 38 44 40 38 44 50 37 39 38 31 39 45 47 42 31 41 43 28 34 31 43 37 43 35 50 43 48 34 42 42 46 30 37 32 41 40 46 42 32 37 34 36
8904 505 327 201 118 88 60 56 49 48 49 68 53 83 95 109 126 153 147 185 172 217 240 229 254 277 306 276 297 284 298 305 320 308 328 285 312 257 265 273 264 261 259 253 235 228 223 291 278 259 263 268 245 284 240 239 279 242 253 249 276 277 278 279 292 242 245 276 275 275 265 272 251 275 248 265 245 250 257 258 287 254 263 260 253 257 262 266 259 272 264 276 260 266 282 262 287 243 280 258
103 90 66 51 28 23 25 25 21 28 16 20 23 32 28 31 30 28 26 35 40 30 38 27 29 31 35 30 41 30 31 29 34 34 38 34 34 44 38 38 20 31 34 24 18 26 47 45 38 26 25 26 24 35 29 27 33 34 25 19 26 20 24 28 28 36 25 27 31 29 33 31 22 15 32 24 30 36 26 35 32 40 32 25 42 41 33 25 32 39 34 23 25 29 31 29 37 34 28 25
841 4445 3952 3438 2996 2688 2219 1900 1495 1350 1150 980 853 767 648 625 532 539 495 470 521 465 522 532 556 572 662 636 710 785 738 776 814 808 808 828 812 810 834 835 850 835 838 808 791 784 762 715 748 767 772 734 756 781 735 752 782 757 731 749 730 737 767 774 761 789 753 774 745 745 806 762 757 808 826 768 775 724 698 745 773 761 777 779 776 756 726 757 747 763 767 801 778 745 744 784 797 798 786 788
422 415 402 377 374 397 341 405 347 357 348 331 365 350 343 374 344 354 337 353 341 355 343 343 346 372 324 387 372 358 358 365 358 361 361 339 353 350 381 359 365 363 344 359 354 341 331 376 346 327 376 342 354 371 383 351 355 377 362 333 326 356 364 359 341 351 345 327 357 325 374 389 360 346 340 322 331 332 357 333 349 322 332 330 350 340 326 345 363 361 363 325 350 326 358 350 319 336 383 340
515 476 516 498 477 507 505 507 528 498 492 489 513 486 523 495 510 500 474 495 478 466 482 471 496 507 512 477 455 471 527 488 528 506 460 525 492 481 494 496 482 486 493 489 463 484 520 545 510 518 480 483 526 496 493 496 463 473 507 485 507 491 479 501 497 516 484 498 503 485 539 497 505 479 513 519 521 484 453 530 475 496 473 463 474 462 498 490 505 458 509 462 472 521 522 481 475 490 488 535
