158 172 180 185 172 163 167 164 178 139 176 164 200 149 181 176 153 172 173 166 158 171 169 164 168 163 156 177 172 161 164 163 157 167 165 171 143 151 176 152 141 148 168 158 174 152 160 156 150 147 168 191 138 166 176 182 168 138 162 159 149 163 159 171 148 173 182 153 179 164 159 157 152 141 180 144 172 167 143 187 144 155 147 134 158 157 156 164 186 162 166 159 158 161 149 185 171 162 177 173
65 64 71 58 77 75 69 54 63 59 66 54 72 88 58 60 65 63 58 79 72 69 64 62 77 66 64 66 68 76 75 71 66 74 68 80 64 80 70 69 65 70 60 59 56 65 64 74 68 59 64 68 71 63 63 71 74 73 63 64 68 58 67 73 73 73 62 70 79 55 72 67 68 74 60 66 81 82 70 65 73 81 58 53 56 61 66 61 66 69 62 71 61 59 73 67 63 67 69 64
39 46 35 49 44 42 40 39 31 32 31 45 33 26 41 25 37 30 45 32 38 36 31 35 42 39 41 40 37 38 42 35 37 36 34 46 36 44 31 40 42 24 39 32 36 45 39 39 31 40 35 25 28 46 39 30 42 48 39 33 29 42 28 32 36 32 35 36 26 40 35 41 38 41 40 36 34 45 42 38 29 35 47 36 25 25 24 36 20 33 44 27 43 40 23 45 38 29 35 38
737 724 686 659 564 606 564 566 531 476 490 460 448 443 455 435 440 417 440 417 428 425 424 420 415 423 425 425 442 423 430 428 406 425 423 421 427 448 417 449 428 431 416 411 412 435 431 431 448 413 386 424 411 393 378 418 403 424 411 411 388 401 395 404 414 407 408 367 392 419 411 409 441 419 386 413 380 389 398 436 446 429 423 431 399 409 405 394 404 380 402 422 411 370 382 432 417 420 427 434
92 78 66 52 56 61 58 54 59 52 47 48 54 51 52 59 45 49 49 53 56 49 66 48 53 50 52 54 61 60 47 57 56 49 68 61 57 61 66 49 54 57 60 51 46 44 53 46 48 48 55 56 48 56 51 60 41 50 47 48 49 51 47 46 52 42 65 60 59 57 55 54 47 52 58 60 56 57 67 64 46 59 56 55 66 49 55 39 44 50 47 45 54 48 56 43 45 47 50 55
422 409 393 359 353 362 355 326 350 344 344 333 308 312 325 366 327 356 346 380 328 345 353 341 339 341 374 338 341 354 386 372 342 364 363 354 372 336 362 373 373 339 365 345 316 374 346 341 350 365 365 352 370 343 345 321 340 312 353 385 321 370 340 354 335 320 358 313 332 337 358 350 358 366 344 363 372 346 377 355 358 377 368 356 351 346 328 354 363 322 326 336 363 356 341 381 358 363 333 366
169 120 94 82 69 71 62 63 49 45 55 41 50 39 38 39 45 36 31 42 45 39 58 39 50 45 40 44 54 45 44 48 37 30 38 35 28 41 41 42 40 46 46 39 36 25 47 33 45 46 37 38 36 38 39 43 37 47 50 47 45 38 41 40 31 39 41 35 37 43 35 40 38 43 39 42 31 33 52 52 42 35 47 63 53 47 35 26 37 29 37 31 42 35 44 37 40 45 39 39
1214 1191 1207 1190 1169 1113 1113 1099 1069 1088 1073 1053 1036 1084 1040 1026 955 1003 977 992 990 969 977 1000 987 1004 999 1006 992 1010 1009 986 1016 1001 1026 1037 995 1061 996 1043 1095 1116 1090 1042 1052 1005 1005 992 989 1016 1067 1018 1101 1074 1052 1049 1006 994 999 968 1004 1037 1011 1006 996 1004 1010 976 981 941 992 1027 998 1019 1001 1021 1018 1036 1081 1061 975 1045 1078 1064 1019 1087 1089 1032 1041 1039 983 962 1010 1010 1024 1042 1026 1055 1003 1001
11777 1161 1030 885 843 751 710 695 647 652 633 564 553 548 528 492 498 477 432 455 471 427 485 488 455 472 472 499 500 458 478 465 450 488 484 456 499 485 453 499 523 457 449 501 506 472 472 467 442 479 474 440 419 438 479 436 470 452 426 442 474 443 472 476 491 451 423 428 454 455 443 490 476 449 430 473 421 454 433 474 435 465 450 469 490 469 486 450 477 478 476 464 431 435 463 434 488 467 441 474
705 608 679 656 648 625 648 684 690 659 650 642 674 629 616 603 644 633 631 629 632 654 625 637 653 639 655 624 625 671 630 653 625 653 679 640 657 660 710 644 635 707 614 657 669 689 668 606 635 644 589 679 668 612 676 684 650 673 626 690 646 692 677 584 665 688 639 638 647 659 661 688 634 631 673 661 658 653 692 636 667 650 626 672 687 638 663 658 672 652 650 650 662 647 664 645 651 657 675 668
