4213 65 57 49 63 67 56 61 41 61 59 63 51 61 53 60 63 52 61 61 72 58 60 66 52 56 51 61 58 52 56 62 47 55 58 63 53 44 61 70 49 69 53 62 67 60 58 68 49 65 75 72 58 65 55 71 61 62 57 54 51 38 59 50 58 65 58 60 69 48 56 50 62 70 73 59 58 63 57 63 63 49 67 64 72 58 62 63 60 71 58 63 63 52 56 58 72 36 54 72
23 621 440 274 181 141 72 54 47 42 23 25 23 25 32 22 25 23 19 22 21 21 14 19 14 21 17 22 25 16 27 27 28 31 20 30 17 28 26 24 24 21 31 20 30 24 21 20 27 22 18 24 20 28 35 24 24 32 31 25 28 22 12 17 11 24 29 22 25 27 26 26 27 32 26 29 31 24 16 24 25 22 19 30 23 31 32 20 25 27 28 29 28 29 20 23 17 27 18 18
7 13 145 174 151 133 100 77 44 45 43 14 13 22 14 24 15 22 16 8 7 10 9 11 14 6 9 10 7 16 10 13 15 15 18 10 12 18 10 15 14 16 14 16 14 14 15 12 8 15 9 14 11 14 11 18 15 19 13 14 17 8 14 16 10 8 11 13 14 8 14 8 13 10 11 14 18 12 15 12 10 15 11 13 11 10 18 13 18 12 8 17 17 18 16 13 16 12 12 11
147 1022 1095 1115 1026 937 897 805 768 637 619 524 481 428 386 352 284 297 250 212 216 214 213 192 198 174 155 142 142 146 137 153 135 160 141 165 143 145 142 151 130 138 148 142 160 177 161 133 160 150 160 156 163 155 140 165 164 166 154 155 157 181 164 143 133 141 150 145 156 157 154 138 137 139 157 154 154 172 159 156 142 146 156 141 169 143 156 138 164 157 152 141 157 151 174 165 175 164 148 135
14 22 126 201 247 198 179 136 118 78 55 42 40 21 32 21 23 26 21 27 12 16 19 20 15 11 9 11 9 18 14 19 23 13 26 19 22 14 17 17 24 15 20 21 24 25 19 15 18 19 16 24 13 17 19 13 19 19 20 24 21 22 15 17 14 10 7 20 20 23 26 21 22 19 28 22 34 15 17 16 18 17 15 12 13 23 20 15 21 20 22 22 23 26 20 18 20 10 16 22
130 120 128 167 177 228 231 229 226 209 177 173 162 111 97 119 95 115 130 99 95 109 104 121 119 125 109 113 124 116 122 110 121 128 125 136 127 130 109 109 131 135 124 120 113 134 118 133 129 126 120 113 131 143 121 120 119 131 145 124 133 125 121 117 132 141 116 119 111 119 125 132 121 123 131 134 135 163 120 129 133 142 121 105 148 124 125 145 123 104 114 105 139 132 119 125 135 127 111 126
15 14 12 55 104 108 129 116 119 98 66 77 52 49 31 34 32 21 24 22 21 16 15 8 13 9 14 17 6 14 13 12 11 13 14 14 21 15 21 14 20 13 21 13 15 16 22 16 12 19 13 20 19 20 13 9 13 15 21 20 21 16 16 13 18 11 12 19 20 22 13 9 8 12 17 16 12 13 9 15 15 13 16 11 12 12 13 17 15 14 22 19 17 19 14 19 17 21 12 15
351 358 350 381 476 499 555 633 690 650 628 652 600 611 532 491 479 478 430 447 406 358 353 349 336 358 342 348 367 370 322 364 345 347 364 337 361 331 365 347 365 339 337 363 340 368 387 360 371 350 367 374 380 353 341 368 399 342 357 379 360 371 364 393 349 365 351 352 343 381 359 358 351 385 378 376 379 400 390 377 369 392 401 382 335 375 392 371 353 385 372 345 348 364 376 366 374 351 368 334
158 161 167 169 171 217 197 224 261 260 252 217 237 230 227 232 215 250 195 219 206 186 193 185 172 179 163 172 174 164 172 180 165 187 153 184 160 164 152 179 186 154 139 185 179 157 164 192 160 182 160 172 179 164 143 169 161 183 156 182 159 161 165 159 174 165 140 159 162 152 180 172 167 159 163 177 195 169 152 154 166 159 155 152 162 147 174 154 163 151 162 166 160 174 158 175 179 190 183 153
236 232 233 238 212 232 233 263 227 234 220 238 248 232 221 219 241 221 243 268 244 215 208 229 254 234 237 225 243 237 251 230 228 222 235 197 239 221 229 249 228 214 237 221 229 249 225 246 238 261 238 237 227 238 257 226 240 227 232 237 237 252 242 257 238 207 207 236 236 242 225 219 209 238 230 256 229 226 238 224 238 196 212 217 229 251 230 242 203 236 209 214 235 231 209 218 235 223 204 202
