15 16 20 11 18 15 12 13 19 19 14 17 18 14 18 17 19 8 11 12 15 26 13 17 19 17 16 20 14 21 20 14 16 15 10 18 11 12 16 20 18 19 13 15 13 12 11 15 10 16 12 14 14 13 13 17 17 14 15 23 14 17 19 18 22 20 16 12 14 12 14 18 12 10 16 13 5 11 16 18 15 16 11 10 17 13 11 5 4 14 12 16 13 22 11 14 7 20 15 17
9 1 1 1 1 1 1 1 0 1 1 2 3 5 1 3 4 3 7 3 2 5 4 3 6 5 5 9 9 7 8 10 9 8 11 7 7 5 10 4 8 7 7 3 4 4 3 5 5 4 6 5 6 7 8 9 5 3 10 6 10 12 5 11 7 9 10 4 10 4 8 6 7 2 5 3 6 4 2 7 4 7 11 5 7 8 6 9 5 5 5 8 10 6 8 7 6 5 3 4
48 25 7 8 1 0 1 1 2 0 1 0 0 0 2 1 0 4 0 1 2 2 2 3 2 3 2 2 5 5 5 5 5 7 6 5 4 4 6 2 4 5 5 4 6 4 6 4 3 3 4 5 3 5 4 3 4 6 4 5 2 5 4 2 3 3 4 4 1 1 1 1 5 3 1 2 1 1 3 1 3 1 3 2 3 2 3 2 6 3 2 2 2 4 1 2 4 4 3 2
561 529 448 394 337 275 243 219 173 153 130 123 93 78 75 62 68 44 40 42 33 33 39 42 41 45 41 33 40 46 41 39 41 37 37 35 46 44 39 40 51 38 45 43 38 46 38 52 41 37 43 30 37 36 41 41 45 45 37 45 41 45 44 46 42 38 41 50 49 52 26 34 34 40 33 43 41 36 31 32 24 21 34 33 26 38 33 32 37 35 34 26 25 29 31 31 33 34 38 41
120 86 55 33 19 13 6 5 2 4 5 3 2 4 6 0 2 3 2 3 6 3 2 5 1 6 3 5 7 1 1 4 4 8 4 3 7 9 6 5 5 5 4 5 7 6 2 1 1 3 4 6 2 7 4 5 4 7 3 8 5 5 6 6 6 7 9 8 4 4 5 6 4 6 3 6 2 4 5 3 4 4 2 5 6 7 5 7 12 1 6 7 6 8 10 8 4 5 1 5
103 116 97 70 58 49 28 26 31 29 14 19 14 11 18 16 19 21 17 21 22 37 32 30 31 33 43 35 30 27 29 29 35 30 36 22 28 29 33 33 34 37 43 34 34 34 35 38 36 23 33 29 39 41 41 40 27 23 27 34 32 23 34 32 25 24 26 34 27 34 36 27 41 30 33 39 30 28 29 32 31 27 28 30 29 41 40 40 36 42 32 36 21 35 44 41 39 36 37 34
1047 215 165 106 88 50 37 31 25 19 16 12 5 9 3 3 4 6 5 1 4 2 2 3 0 2 1 2 0 3 4 9 6 4 7 4 6 6 5 7 6 4 5 7 3 5 2 7 6 2 4 6 2 3 1 2 2 5 5 5 6 8 6 5 3 3 2 4 5 4 5 1 1 2 1 2 1 3 2 3 2 2 2 1 2 3 1 3 4 5 7 8 4 4 2 4 1 3 4 4
221 226 292 270 277 253 246 214 192 158 163 141 131 117 90 110 88 69 73 75 69 67 78 93 85 83 93 84 96 96 81 90 89 84 81 79 84 84 78 89 88 101 93 97 100 109 97 101 103 93 85 83 95 96 91 101 99 110 92 96 79 107 87 90 77 95 77 87 85 83 83 80 85 88 101 97 91 101 101 86 82 91 103 102 101 87 100 95 101 93 109 113 89 102 114 111 108 115 130 112
169 367 344 338 286 249 258 224 196 191 162 153 130 122 81 75 81 69 61 54 58 70 49 55 43 44 43 39 45 55 31 38 37 40 43 47 43 40 44 49 56 57 48 45 59 55 49 36 44 31 41 36 43 44 45 39 43 33 38 36 28 39 44 47 45 41 41 39 46 42 39 40 38 38 39 39 33 33 46 39 43 35 36 34 46 34 31 46 41 38 40 44 44 51 43 35 29 37 45 42
59 68 56 52 57 49 55 63 74 65 60 73 61 55 71 58 68 52 60 44 63 64 55 44 50 48 52 53 60 47 45 57 54 62 57 58 61 65 58 62 54 38 57 56 51 50 51 58 61 58 59 49 59 62 52 45 58 55 40 47 59 68 51 64 53 49 65 59 60 57 67 57 68 47 60 58 61 60 45 64 59 55 55 49 57 64 49 66 43 57 49 55 58 57 50 58 59 55 54 55
