14 22 17 14 18 22 22 16 17 17 20 13 13 21 18 25 26 22 21 28 18 17 25 26 25 19 15 16 27 21 17 22 15 19 15 17 22 17 20 19 19 24 23 30 16 18 20 22 25 20 19 20 18 19 30 18 22 21 27 19 16 20 17 20 18 22 20 18 20 21 17 15 17 22 18 16 14 14 23 18 17 16 19 23 25 17 20 12 19 18 18 18 15 33 21 21 21 15 20 16
50 15 7 5 4 3 2 1 2 2 4 4 2 2 2 6 3 8 8 5 5 3 5 2 13 10 5 9 8 13 10 15 9 2 8 10 7 5 10 8 5 7 6 5 8 5 8 10 10 11 11 8 12 13 5 11 5 10 8 7 11 4 11 5 7 8 11 8 5 9 7 11 8 6 8 7 9 5 7 4 6 4 9 4 6 9 7 11 4 16 10 7 7 5 6 9 10 8 7 9
187 104 64 38 26 13 6 3 2 2 2 3 3 3 2 1 1 2 1 4 1 2 3 2 1 8 3 2 6 3 7 5 4 5 9 3 5 10 3 5 5 6 4 3 1 3 6 5 3 4 7 5 7 9 10 2 5 3 5 4 3 3 5 8 4 3 1 2 4 5 3 5 5 2 4 2 4 8 3 3 3 2 1 2 2 1 0 0 5 4 6 6 7 8 5 0 2 6 5 4
579 563 517 469 439 383 307 280 249 204 175 150 123 109 95 88 78 66 56 48 51 71 45 53 58 53 50 45 48 45 46 50 55 51 50 51 51 51 53 46 49 54 41 58 61 59 46 55 54 49 56 51 55 47 53 57 62 53 58 64 51 53 55 57 57 55 55 53 49 42 51 45 49 58 45 51 52 38 48 50 50 53 41 41 38 49 34 36 35 50 46 31 42 51 58 49 46 55 48 52
1365 201 122 59 19 17 6 4 2 2 1 1 2 1 2 1 1 1 5 4 6 1 1 2 3 5 7 9 8 9 13 7 7 9 5 3 8 9 9 9 8 4 4 8 4 3 4 3 4 4 5 6 5 7 8 9 5 5 5 7 5 9 5 10 7 7 8 6 5 5 7 9 11 5 6 3 2 4 4 1 3 5 5 6 5 5 5 6 8 6 5 10 7 2 5 4 6 5 7 6
126 399 340 289 185 107 66 37 29 18 17 12 8 11 7 11 12 16 12 14 23 31 26 31 25 31 41 43 40 37 29 46 43 45 39 33 45 49 47 41 37 51 53 43 40 48 41 35 39 35 38 46 53 53 46 62 34 24 43 36 32 34 25 43 44 52 39 30 37 40 57 56 55 46 38 35 43 34 38 39 41 47 43 43 35 36 45 50 40 44 46 44 52 45 41 48 35 37 39 49
120 141 117 89 66 43 26 13 15 6 8 3 4 5 5 5 4 4 0 3 4 1 1 3 4 1 1 3 2 4 5 6 7 4 7 7 5 4 3 8 5 4 11 4 3 2 1 6 2 3 3 6 7 3 6 4 10 7 2 7 5 4 4 6 7 6 3 5 2 8 5 7 2 6 8 3 2 5 6 3 4 4 1 5 2 3 6 3 1 4 4 6 3 3 4 8 1 5 3 6
221 642 641 699 688 666 598 524 493 387 328 302 255 220 209 160 146 122 95 97 82 93 88 80 70 80 77 90 99 111 115 109 110 113 115 124 108 105 116 127 117 130 129 135 146 134 149 145 119 121 118 112 122 123 130 142 151 131 115 122 107 91 108 104 125 118 111 126 117 117 111 119 136 138 135 123 118 125 121 114 108 117 128 118 132 130 135 123 113 114 118 118 123 122 121 108 136 125 125 135
92 118 155 163 141 137 120 126 111 88 91 88 86 92 75 72 80 50 61 60 61 59 38 56 56 50 48 51 65 65 54 54 59 47 46 48 62 55 41 49 56 56 64 59 66 64 59 58 60 62 56 48 47 59 63 56 63 66 49 39 51 47 43 57 47 46 53 59 48 45 58 56 62 53 50 50 54 52 44 57 63 42 53 39 41 34 54 35 54 42 53 47 34 49 57 53 57 47 50 50
82 83 68 68 72 71 77 54 78 97 86 79 68 84 66 83 84 62 81 77 75 72 74 80 66 73 75 86 89 69 69 76 77 72 73 75 83 85 92 76 78 78 89 102 69 75 88 75 72 67 74 91 90 78 74 78 74 66 75 74 75 61 53 75 66 70 66 70 77 81 80 70 72 72 73 76 85 65 73 84 80 66 70 65 56 62 62 66 72 80 75 62 72 74 67 77 69 65 66 65
