0.0 0.0823458159814 0.0995235751991 0.0995329227462 0.0826321709786 0.0824703700892 0.0995234166359 0.132061657247 0.115620294635 0.0828316379489 
0.18335025938 0.0 0.182169441446 0.134238546215 0.149808472929 0.116822532853 0.133895854488 0.167743316231 0.18344344468 0.165678841432 
0.132244112344 0.0990108776064 0.0 0.100041111958 0.114976540687 0.115208522715 0.115117837814 0.117139306165 0.148046634379 0.114183890884 
0.132608812035 0.114935757333 0.180994168218 0.0 0.148075947174 0.115420805641 0.116814360237 0.133489432798 0.181999368058 0.13190834153 
0.167106681188 0.116259877681 0.150188701498 0.133811595468 0.0 0.115940040476 0.133760882149 0.167665126075 0.18337052206 0.149676520802 
0.166739572201 0.116584664046 0.181999529954 0.14987816262 0.165224414446 0.0 0.14949764827 0.182729292252 0.199303274046 0.149437638409 
0.132741957563 0.0830209152809 0.116723132526 0.100595679529 0.115651490293 0.0826727564173 0.0 0.118000673552 0.14905370272 0.115522336547 
0.132388955847 0.0977111570857 0.099594629986 0.0831192119531 0.0987276654006 0.0822956414179 0.0823464305479 0.0 0.116130700438 0.11476404945 
0.132185620482 0.130312202905 0.116339384957 0.13223524023 0.0992683556652 0.0986187082159 0.131783375259 0.133213744087 0.0 0.115035213753 
0.167895707867 0.148722768142 0.166946785139 0.133792183378 0.149887200909 0.132183236843 0.15087447729 0.167839247425 0.20071268327 0.0 
