130 4 10 0 6 10 19 3 15 0 0 7 14 15 0 5 6 0 8 8 0 3 9 5 5 0 2 12 11 4 0 0 1 18 0 0 0 0 24 0 0 16 0 8 1 0 0 0 0 4 0 5 8 0 11 21 0 11 0 2 0 6 11 2 11 0 0 0 0 0 0 1 0 0 6 0 4 0 22 0 0 23 3 0 9 0 0 11 9 10 0 0 0 0 0 13 22 7 0 0 0
52 5 0 6 0 4 0 7 0 0 7 6 0 5 16 5 0 0 5 0 12 0 3 10 0 5 0 0 10 6 10 13 0 0 9 0 0 0 0 3 2 0 0 16 1 0 0 3 3 2 8 0 4 0 6 3 4 0 13 0 2 1 0 0 0 0 0 0 0 0 0 0 7 0 0 4 3 6 4 0 5 16 1 7 3 0 6 0 6 0 18 4 8 13 0 0 0 12 6 0 0
54 25 12 9 4 5 2 3 0 2 0 0 7 0 0 9 6 1 5 4 0 0 5 3 11 0 0 0 0 1 0 5 7 9 4 13 2 0 0 0 0 4 0 2 7 12 0 0 0 0 6 2 2 0 0 0 0 0 0 0 0 0 0 0 0 0 6 0 1 0 0 0 0 0 4 0 9 0 9 0 1 5 3 9 4 0 0 0 5 0 0 0 11 0 5 5 0 0 6 1 0
614 175 192 220 122 117 100 81 76 75 59 40 29 0 28 0 2 0 9 0 18 0 1 0 3 13 0 0 0 0 2 6 5 0 0 0 0 0 2 1 6 0 0 0 0 0 0 0 6 0 0 0 0 0 0 0 0 0 0 6 0 0 0 0 0 0 0 0 0 0 0 0 0 0 0 0 0 11 0 0 0 0 0 0 5 0 0 0 0 11 0 4 0 12 11 0 0 0 0 0 0
126 52 9 0 0 0 0 0 0 0 0 0 0 0 0 3 0 9 0 0 4 0 4 8 10 14 10 8 6 8 0 1 16 0 2 8 7 18 0 6 1 0 0 0 0 10 0 0 1 0 9 11 5 0 1 0 12 0 1 7 3 1 7 13 0 2 1 0 2 8 10 5 0 4 6 0 0 0 6 0 6 0 13 6 11 0 5 5 9 0 0 0 4 3 9 5 0 0 0 0 0
8904 268 90 0 0 0 0 0 0 0 0 0 0 0 0 0 0 0 0 0 0 0 3 0 17 40 69 39 60 47 61 68 83 71 91 48 75 20 28 36 27 24 22 16 0 0 0 54 41 22 26 31 8 47 3 2 42 5 16 12 39 40 41 42 55 5 8 39 38 38 28 35 14 38 11 28 8 13 20 21 50 17 26 23 16 20 25 29 22 35 27 39 23 29 45 25 50 6 43 21 0
103 60 36 21 0 0 0 0 0 0 0 0 0 2 0 1 0 0 0 5 10 0 8 0 0 1 5 0 11 0 1 0 4 4 8 4 4 14 8 8 0 1 4 0 0 0 17 15 8 0 0 0 0 5 0 0 3 4 0 0 0 0 0 0 0 6 0 0 1 0 3 1 0 0 2 0 0 6 0 5 2 10 2 0 12 11 3 0 2 9 4 0 0 0 1 0 7 4 0 0 0
841 3529 3036 2522 2080 1772 1303 984 579 434 234 64 0 0 0 0 0 0 0 0 0 0 0 0 0 0 0 0 0 0 0 0 0 0 0 0 0 0 0 0 0 0 0 0 0 0 0 0 0 0 0 0 0 0 0 0 0 0 0 0 0 0 0 0 0 0 0 0 0 0 0 0 0 0 0 0 0 0 0 0 0 0 0 0 0 0 0 0 0 0 0 0 0 0 0 0 0 0 0 0 0
422 66 53 28 25 48 0 56 0 8 0 0 16 1 0 25 0 5 0 4 0 6 0 0 0 23 0 38 23 9 9 16 9 12 12 0 4 1 32 10 16 14 0 10 5 0 0 27 0 0 27 0 5 22 34 2 6 28 13 0 0 7 15 10 0 2 0 0 8 0 25 40 11 0 0 0 0 0 8 0 0 0 0 0 1 0 0 0 14 12 14 0 1 0 9 1 0 0 34 0 0
515 0 27 9 0 18 16 18 39 9 3 0 24 0 34 6 21 11 0 6 0 0 0 0 7 18 23 0 0 0 38 0 39 17 0 36 3 0 5 7 0 0 4 0 0 0 31 56 21 29 0 0 37 7 4 7 0 0 18 0 18 2 0 12 8 27 0 9 14 0 50 8 16 0 24 30 32 0 0 41 0 7 0 0 0 0 9 1 16 0 20 0 0 32 33 0 0 1 0 46 0
