64 0 0 0 0 0 0 0 28 73 88 94 42 77 72 74 61 0 26 0 10 1 24 4 0 16 0 4 0 34 0 9 2 0 7 11 16 8 38 11 7 39 7 38 8 0 0 38 5 5 22 4 0 14 0 9 24 18 0 30 0 26 0 0 0 27 9 2 14 0 25 5 0 5 19 0 12 0 19 18 35 0 37 0 2 0 0 10 0 0 0 0 25 35 10 1 3 15 33 0 0
478 21 6 34 0 0 0 46 9 12 0 11 0 20 0 9 0 22 0 31 17 0 77 0 8 1 0 0 0 32 0 0 39 8 0 14 14 4 6 31 13 62 21 28 6 13 82 0 55 20 0 0 0 2 5 0 31 3 7 7 27 0 17 0 0 0 32 4 37 15 2 0 12 10 0 3 10 0 0 16 29 0 41 0 6 7 17 0 0 0 0 0 0 22 0 0 0 0 30 0 0
251 30 39 8 39 0 38 4 6 10 5 3 14 0 14 0 0 0 7 10 18 17 0 30 0 15 0 2 3 0 13 0 8 17 17 22 13 0 0 16 0 8 0 1 3 4 0 0 0 5 0 12 9 7 0 3 0 0 9 0 16 0 13 19 0 18 18 0 17 18 10 16 0 14 1 8 20 4 0 3 0 0 0 0 3 0 0 13 0 7 6 0 36 0 0 1 0 0 0 4 0
514 28 33 6 12 18 4 0 29 0 51 0 0 10 24 0 51 0 23 0 0 53 7 0 0 0 6 29 0 0 31 0 12 0 31 24 0 4 51 0 2 0 0 22 0 0 17 0 13 6 0 0 0 0 32 0 2 3 0 12 68 59 49 40 20 25 33 5 30 20 13 0 21 25 0 0 0 0 12 0 0 5 0 0 7 24 0 0 0 0 0 51 0 0 15 14 0 0 0 18 0
298 0 0 0 0 0 0 0 0 0 0 26 60 78 54 111 82 84 63 45 21 32 14 14 71 17 54 11 8 45 22 60 10 31 5 39 21 47 38 16 40 18 45 33 44 44 0 33 32 38 28 1 14 23 15 0 37 20 11 22 25 53 55 60 30 27 29 43 37 35 35 6 30 0 13 16 30 0 21 11 6 33 43 42 27 5 44 2 23 21 0 39 0 13 27 38 12 15 54 0 0
73 0 0 0 0 0 0 0 0 0 0 15 49 48 69 57 57 87 61 43 3 29 31 25 29 12 5 10 0 9 18 26 45 71 7 16 20 40 33 34 18 23 82 31 10 0 0 8 0 41 0 26 0 40 13 15 22 0 35 22 66 34 57 27 34 19 28 31 13 22 11 0 18 37 5 11 0 18 0 0 10 40 22 41 50 27 43 13 40 31 15 34 17 27 45 9 30 29 26 19 0
411 26 21 74 25 30 37 0 20 35 10 0 0 31 40 0 19 15 21 5 8 0 26 16 2 15 0 11 0 13 0 0 8 0 0 16 0 5 0 10 23 0 13 0 3 28 19 5 6 0 21 0 0 0 0 0 0 0 22 0 0 30 42 33 36 31 18 13 27 16 21 31 6 11 8 2 26 0 0 0 0 0 0 0 0 5 19 0 13 0 10 0 0 22 0 0 9 0 0 0 0
78 0 0 0 0 0 0 0 0 0 0 26 37 98 91 50 61 69 53 50 53 40 35 33 21 25 10 11 43 45 28 28 47 24 52 9 53 33 9 6 22 24 47 11 0 11 4 2 15 24 2 26 3 27 16 28 32 24 22 44 25 60 45 54 33 50 27 26 5 5 5 16 12 26 13 40 0 21 3 0 0 30 25 17 37 36 22 28 26 17 18 0 11 10 48 16 36 15 19 73 0
236 0 0 0 0 0 0 0 0 0 0 0 18 40 65 66 73 53 29 22 17 21 14 36 7 13 15 21 0 35 12 23 20 24 29 42 18 34 7 9 4 9 4 38 15 17 0 13 0 13 22 19 20 6 24 0 30 9 19 18 8 4 37 10 47 1 23 26 41 28 8 1 16 2 23 11 2 0 0 2 11 10 5 12 21 11 25 36 0 1 10 26 0 0 28 0 21 15 0 19 0
1014 303 74 0 0 0 0 0 0 0 0 0 0 0 3 24 33 36 45 51 51 19 17 14 9 0 14 0 16 0 0 0 13 0 6 47 28 12 6 6 15 0 8 4 0 17 21 0 1 2 0 19 8 4 19 23 10 0 8 2 10 14 0 40 7 22 15 3 37 4 15 25 2 4 0 7 0 4 3 16 8 0 0 0 9 10 7 7 17 23 11 12 10 0 0 12 11 7 7 3 0
955 0 0 0 0 0 0 0 0 0 0 0 0 0 0 10 8 30 12 0 19 0 6 0 0 0 0 11 21 20 48 24 41 45 45 42 60 35 42 39 27 55 49 45 50 15 31 33 11 43 45 58 20 50 18 42 41 51 28 29 25 59 55 41 88 51 65 47 43 52 38 37 8 36 38 30 12 18 27 17 34 27 21 37 44 62 40 66 32 33 33 25 50 37 6 22 53 13 15 30 0
210 0 0 0 0 0 0 0 0 0 0 0 20 16 60 54 76 51 53 17 25 8 3 13 0 8 23 16 0 27 17 25 23 27 9 31 33 2 18 8 27 30 5 29 14 8 8 0 17 12 33 18 19 5 30 2 31 14 11 0 14 14 35 9 46 30 17 37 33 26 0 0 23 0 16 8 1 15 4 6 19 0 9 20 31 27 26 26 0 31 1 16 24 0 12 10 2 2 0 26 0
306 0 0 0 0 0 0 0 0 0 0 0 0 1 49 20 70 54 66 44 44 17 24 41 11 46 24 24 17 27 4 31 30 53 64 39 24 43 16 9 59 0 24 57 28 19 16 3 12 0 44 11 14 24 32 0 22 29 42 12 29 38 59 48 56 36 34 33 45 39 30 23 0 4 12 14 18 33 0 9 5 11 16 0 5 65 32 38 49 35 39 16 30 42 25 11 5 24 32 16 0
6824 297 481 0 0 0 0 0 0 0 0 0 0 0 0 0 9 0 26 33 0 1 0 0 0 0 0 0 0 10 8 25 28 29 18 15 18 18 14 26 21 6 17 19 25 8 9 10 7 0 4 6 32 5 39 1 3 20 9 16 17 0 27 11 16 34 21 34 28 32 2 26 3 0 21 0 21 15 0 6 13 7 0 14 23 0 30 7 39 11 25 6 11 0 3 0 0 6 3 10 0
25 0 0 0 0 0 0 0 0 0 0 0 0 15 13 39 52 50 49 39 23 7 10 27 11 0 20 0 4 0 0 13 4 23 28 14 0 0 14 7 20 11 26 29 16 5 0 0 13 9 29 0 15 4 15 0 21 7 7 4 12 14 15 19 6 5 5 23 0 5 4 2 5 7 11 2 18 0 7 0 25 16 20 16 0 26 15 7 6 19 3 0 10 5 22 27 18 2 4 12 0
284 0 0 0 0 0 0 0 0 0 0 0 0 9 22 8 9 48 36 42 40 36 18 32 19 31 18 3 6 0 0 17 8 27 32 30 33 16 0 30 0 39 3 48 55 0 3 0 0 18 10 4 30 8 16 0 9 19 3 8 5 42 11 15 33 46 4 7 28 0 41 5 9 18 6 22 16 3 0 18 0 30 11 31 0 36 27 32 4 12 32 17 4 23 6 41 37 24 12 37 0
