4155 7 0 0 5 9 0 3 0 3 1 5 0 3 0 2 5 0 3 3 14 0 2 8 0 0 0 3 0 0 0 4 0 0 0 5 0 0 3 12 0 11 0 4 9 2 0 10 0 7 17 14 0 7 0 13 3 4 0 0 0 0 1 0 0 7 0 2 11 0 0 0 4 12 15 1 0 5 0 5 5 0 9 6 14 0 4 5 2 13 0 5 5 0 0 0 14 0 0 14 0
0 581 400 234 141 101 32 14 7 2 0 0 0 0 0 0 0 0 0 0 0 0 0 0 0 0 0 0 0 0 0 0 0 0 0 0 0 0 0 0 0 0 0 0 0 0 0 0 0 0 0 0 0 0 0 0 0 0 0 0 0 0 0 0 0 0 0 0 0 0 0 0 0 0 0 0 0 0 0 0 0 0 0 0 0 0 0 0 0 0 0 0 0 0 0 0 0 0 0 0 0
0 0 124 153 130 112 79 56 23 24 22 0 0 1 0 3 0 1 0 0 0 0 0 0 0 0 0 0 0 0 0 0 0 0 0 0 0 0 0 0 0 0 0 0 0 0 0 0 0 0 0 0 0 0 0 0 0 0 0 0 0 0 0 0 0 0 0 0 0 0 0 0 0 0 0 0 0 0 0 0 0 0 0 0 0 0 0 0 0 0 0 0 0 0 0 0 0 0 0 0 0
0 777 850 870 781 692 652 560 523 392 374 279 236 183 141 107 39 52 5 0 0 0 0 0 0 0 0 0 0 0 0 0 0 0 0 0 0 0 0 0 0 0 0 0 0 0 0 0 0 0 0 0 0 0 0 0 0 0 0 0 0 0 0 0 0 0 0 0 0 0 0 0 0 0 0 0 0 0 0 0 0 0 0 0 0 0 0 0 0 0 0 0 0 0 0 0 0 0 0 0 0
0 0 96 171 217 168 149 106 88 48 25 12 10 0 2 0 0 0 0 0 0 0 0 0 0 0 0 0 0 0 0 0 0 0 0 0 0 0 0 0 0 0 0 0 0 0 0 0 0 0 0 0 0 0 0 0 0 0 0 0 0 0 0 0 0 0 0 0 0 0 0 0 0 0 0 0 4 0 0 0 0 0 0 0 0 0 0 0 0 0 0 0 0 0 0 0 0 0 0 0 0
1 0 0 38 48 99 102 100 97 80 48 44 33 0 0 0 0 0 1 0 0 0 0 0 0 0 0 0 0 0 0 0 0 0 0 7 0 1 0 0 2 6 0 0 0 5 0 4 0 0 0 0 2 14 0 0 0 2 16 0 4 0 0 0 3 12 0 0 0 0 0 3 0 0 2 5 6 34 0 0 4 13 0 0 19 0 0 16 0 0 0 0 10 3 0 0 6 0 0 0 0
0 0 0 32 81 85 106 93 96 75 43 54 29 26 8 11 9 0 1 0 0 0 0 0 0 0 0 0 0 0 0 0 0 0 0 0 0 0 0 0 0 0 0 0 0 0 0 0 0 0 0 0 0 0 0 0 0 0 0 0 0 0 0 0 0 0 0 0 0 0 0 0 0 0 0 0 0 0 0 0 0 0 0 0 0 0 0 0 0 0 0 0 0 0 0 0 0 0 0 0 0
0 0 0 0 87 110 166 244 301 261 239 263 211 222 143 102 90 89 41 58 17 0 0 0 0 0 0 0 0 0 0 0 0 0 0 0 0 0 0 0 0 0 0 0 0 0 0 0 0 0 0 0 0 0 0 0 10 0 0 0 0 0 0 4 0 0 0 0 0 0 0 0 0 0 0 0 0 11 1 0 0 3 12 0 0 0 3 0 0 0 0 0 0 0 0 0 0 0 0 0 0
0 0 0 0 0 42 22 49 86 85 77 42 62 55 52 57 40 75 20 44 31 11 18 10 0 4 0 0 0 0 0 5 0 12 0 9 0 0 0 4 11 0 0 10 4 0 0 17 0 7 0 0 4 0 0 0 0 8 0 7 0 0 0 0 0 0 0 0 0 0 5 0 0 0 0 2 20 0 0 0 0 0 0 0 0 0 0 0 0 0 0 0 0 0 0 0 4 15 8 0 0
8 4 5 10 0 4 5 35 0 6 0 10 20 4 0 0 13 0 15 40 16 0 0 1 26 6 9 0 15 9 23 2 0 0 7 0 11 0 1 21 0 0 9 0 1 21 0 18 10 33 10 9 0 10 29 0 12 0 4 9 9 24 14 29 10 0 0 8 8 14 0 0 0 10 2 28 1 0 10 0 10 0 0 0 1 23 2 14 0 8 0 0 7 3 0 0 7 0 0 0 0
