23 0 3 0 0 0 7 0 0 2 0 7 0 2 1 0 5 6 10 4 0 0 2 5 0 0 2 3 0 2 5 0 0 1 5 0 4 16 6 3 0 0 0 0 2 8 5 1 0 5 1 1 0 4 0 11 8 1 0 0 0 6 0 5 10 1 0 4 4 7 10 3 2 0 0 0 0 3 2 0 4 4 2 0 3 1 0 9 4 0 0 0 0 0 5 7 0 0 2 6 0
1774 140 52 7 0 0 0 0 0 0 0 0 0 0 0 0 0 0 0 0 0 0 0 0 0 0 0 1 0 0 2 1 8 2 0 0 0 4 1 2 5 0 0 0 0 0 0 0 0 0 0 0 4 2 0 0 0 0 10 0 0 0 0 0 0 0 3 3 3 1 0 7 4 4 0 0 0 0 0 0 0 0 2 0 2 3 0 0 2 6 0 4 0 0 0 0 0 0 0 0 0
37 425 278 157 99 42 22 0 0 0 0 0 0 0 0 0 0 0 0 0 0 0 0 0 0 0 0 0 0 0 0 0 0 0 0 0 0 0 0 0 0 0 0 0 0 0 0 0 0 0 0 0 0 0 0 0 0 0 0 0 0 0 0 0 0 0 0 0 0 0 0 0 0 0 0 0 0 0 0 0 0 0 0 0 0 0 0 0 0 0 0 0 0 0 0 0 0 0 0 0 0
405 710 746 699 624 548 512 417 357 290 236 172 132 98 65 21 3 0 0 0 0 0 0 0 0 0 0 0 0 0 0 0 0 0 0 0 0 0 0 0 0 0 0 0 0 0 0 0 0 0 0 0 0 0 0 0 0 0 0 0 0 0 0 0 0 0 0 0 0 0 0 0 0 0 0 0 0 0 0 0 0 0 0 0 0 0 0 0 0 0 0 0 0 0 0 0 0 0 0 0 0
50 359 354 281 186 119 67 22 16 2 0 0 0 0 0 0 0 0 0 0 0 0 0 0 0 0 0 0 0 0 0 0 0 0 0 0 0 0 0 0 0 0 0 0 0 0 0 0 0 0 0 0 0 0 0 0 0 0 0 0 0 0 0 0 0 0 0 0 0 0 0 0 0 0 0 0 0 0 0 0 0 0 0 0 0 0 0 0 0 0 0 0 0 0 0 0 0 0 0 0 0
52 11 102 137 184 142 134 77 43 15 0 3 0 0 0 0 0 0 0 0 0 0 0 0 0 0 0 0 0 0 0 0 1 0 0 0 0 0 0 0 0 0 3 0 0 1 10 1 0 0 0 1 0 0 0 0 11 0 0 0 0 0 0 0 0 0 0 0 0 0 0 0 2 9 8 0 4 0 0 0 0 0 0 0 0 0 0 0 0 0 0 4 7 8 0 0 7 5 0 0 0
9 2 133 192 180 162 141 103 54 25 35 18 6 0 0 0 0 0 0 0 0 0 0 0 0 0 0 0 0 0 0 0 0 0 0 0 0 0 0 0 0 0 0 0 0 0 0 0 0 0 0 0 0 0 0 0 0 0 0 0 0 0 0 0 0 0 0 0 0 0 0 0 0 0 0 0 0 0 0 0 0 0 0 0 0 0 0 0 0 0 0 0 0 0 0 0 0 0 0 0 0
133 0 106 201 299 347 357 370 332 305 291 221 162 128 92 93 31 23 10 0 0 0 0 0 0 0 0 0 0 0 0 0 0 0 0 0 0 0 0 0 0 0 0 0 0 0 0 0 0 0 0 0 0 0 0 0 0 0 0 0 0 0 0 0 0 0 0 0 0 0 0 0 0 0 0 0 0 0 0 0 0 0 0 0 0 0 0 0 0 0 0 0 0 0 0 0 0 0 0 0 0
65 0 0 32 75 110 120 112 104 108 79 71 74 94 64 62 42 39 21 17 0 0 15 0 0 0 0 0 0 0 0 0 0 0 0 0 0 0 0 0 0 0 0 2 0 0 0 0 0 0 0 3 0 0 0 0 0 0 5 0 0 0 0 0 0 0 0 0 0 0 0 0 0 0 0 0 0 0 0 0 0 0 0 0 0 0 0 0 0 0 0 0 0 0 0 2 0 0 0 0 0
92 12 15 5 13 1 18 0 0 0 13 20 7 5 18 0 0 7 7 11 0 18 0 4 15 16 7 0 1 14 0 0 1 0 0 0 9 0 0 13 0 12 9 0 11 26 12 14 14 0 0 0 18 0 12 6 10 0 3 13 0 10 0 0 0 0 3 1 1 0 0 8 11 5 1 0 18 0 2 0 0 11 5 2 0 0 0 0 0 3 0 0 5 0 0 0 9 3 0 0 0
