158 11 19 24 11 2 6 3 17 0 15 3 39 0 20 15 0 11 12 5 0 10 8 3 7 2 0 16 11 0 3 2 0 6 4 10 0 0 15 0 0 0 7 0 13 0 0 0 0 0 7 30 0 5 15 21 7 0 1 0 0 2 0 10 0 12 21 0 18 3 0 0 0 0 19 0 11 6 0 26 0 0 0 0 0 0 0 3 25 1 5 0 0 0 0 24 10 1 16 12 0
65 0 5 0 11 9 3 0 0 0 0 0 6 22 0 0 0 0 0 13 6 3 0 0 11 0 0 0 2 10 9 5 0 8 2 14 0 14 4 3 0 4 0 0 0 0 0 8 2 0 0 2 5 0 0 5 8 7 0 0 2 0 1 7 7 7 0 4 13 0 6 1 2 8 0 0 15 16 4 0 7 15 0 0 0 0 0 0 0 3 0 5 0 0 7 1 0 1 3 0 0
39 11 0 14 9 7 5 4 0 0 0 10 0 0 6 0 2 0 10 0 3 1 0 0 7 4 6 5 2 3 7 0 2 1 0 11 1 9 0 5 7 0 4 0 1 10 4 4 0 5 0 0 0 11 4 0 7 13 4 0 0 7 0 0 1 0 0 1 0 5 0 6 3 6 5 1 0 10 7 3 0 0 12 1 0 0 0 1 0 0 9 0 8 5 0 10 3 0 0 3 0
737 295 257 230 135 177 135 137 102 47 61 31 19 14 26 6 11 0 11 0 0 0 0 0 0 0 0 0 13 0 1 0 0 0 0 0 0 19 0 20 0 2 0 0 0 6 2 2 19 0 0 0 0 0 0 0 0 0 0 0 0 0 0 0 0 0 0 0 0 0 0 0 12 0 0 0 0 0 0 7 17 0 0 2 0 0 0 0 0 0 0 0 0 0 0 3 0 0 0 5 0
92 26 14 0 4 9 6 2 7 0 0 0 2 0 0 7 0 0 0 1 4 0 14 0 1 0 0 2 9 8 0 5 4 0 16 9 5 9 14 0 2 5 8 0 0 0 1 0 0 0 3 4 0 4 0 8 0 0 0 0 0 0 0 0 0 0 13 8 7 5 3 2 0 0 6 8 4 5 15 12 0 7 4 3 14 0 3 0 0 0 0 0 2 0 4 0 0 0 0 3 0
422 62 46 12 6 15 8 0 3 0 0 0 0 0 0 19 0 9 0 33 0 0 6 0 0 0 27 0 0 7 39 25 0 17 16 7 25 0 15 26 26 0 18 0 0 27 0 0 3 18 18 5 23 0 0 0 0 0 6 38 0 23 0 7 0 0 11 0 0 0 11 3 11 19 0 16 25 0 30 8 11 30 21 9 4 0 0 7 16 0 0 0 16 9 0 34 11 16 0 19 0
169 77 51 39 26 28 19 20 6 2 12 0 7 0 0 0 2 0 0 0 2 0 15 0 7 2 0 1 11 2 1 5 0 0 0 0 0 0 0 0 0 3 3 0 0 0 4 0 2 3 0 0 0 0 0 0 0 4 7 4 2 0 0 0 0 0 0 0 0 0 0 0 0 0 0 0 0 0 9 9 0 0 4 20 10 4 0 0 0 0 0 0 0 0 1 0 0 2 0 0 0
1214 170 186 169 148 92 92 78 48 67 52 32 15 63 19 5 0 0 0 0 0 0 0 0 0 0 0 0 0 0 0 0 0 0 5 16 0 40 0 22 74 95 69 21 31 0 0 0 0 0 46 0 80 53 31 28 0 0 0 0 0 16 0 0 0 0 0 0 0 0 0 6 0 0 0 0 0 15 60 40 0 24 57 43 0 66 68 11 20 18 0 0 0 0 3 21 5 34 0 0 0
11777 665 534 389 347 255 214 199 151 156 137 68 57 52 32 0 2 0 0 0 0 0 0 0 0 0 0 3 4 0 0 0 0 0 0 0 3 0 0 3 27 0 0 5 10 0 0 0 0 0 0 0 0 0 0 0 0 0 0 0 0 0 0 0 0 0 0 0 0 0 0 0 0 0 0 0 0 0 0 0 0 0 0 0 0 0 0 0 0 0 0 0 0 0 0 0 0 0 0 0 0
705 0 34 11 3 0 3 39 45 14 5 0 29 0 0 0 0 0 0 0 0 9 0 0 8 0 10 0 0 26 0 8 0 8 34 0 12 15 65 0 0 62 0 12 24 44 23 0 0 0 0 34 23 0 31 39 5 28 0 45 1 47 32 0 20 43 0 0 2 14 16 43 0 0 28 16 13 8 47 0 22 5 0 27 42 0 18 13 27 7 5 5 17 2 19 0 6 12 30 23 0
