439 0 0 0 0 0 0 0 0 0 6 63 84 102 120 87 78 99 26 29 56 9 15 33 5 24 32 10 6 21 10 40 36 34 45 22 45 7 0 20 25 45 46 20 31 42 3 38 32 13 26 17 55 24 29 14 27 64 19 0 18 0 51 1 9 11 5 45 20 14 34 30 17 25 13 22 15 22 0 2 9 35 13 37 54 0 41 13 3 0 12 0 0 14 21 5 0 18 34 41 0
869 17 0 0 0 43 1 0 27 0 26 15 3 22 30 23 0 50 10 0 40 30 0 0 21 5 0 0 12 0 0 26 16 0 26 40 0 15 26 0 30 0 43 6 40 16 17 0 13 0 76 0 25 0 27 42 31 0 39 0 15 0 18 42 1 5 8 20 0 11 12 88 34 6 12 22 12 29 0 24 0 0 0 55 53 60 0 2 13 0 10 0 0 0 0 11 17 16 45 0 0
470 36 56 5 16 28 47 8 35 0 5 0 6 0 23 0 0 0 0 6 47 0 39 0 15 10 4 8 7 53 0 22 0 12 31 15 0 13 0 43 18 16 0 0 0 0 0 0 7 0 0 12 6 19 23 1 22 0 0 0 0 0 2 23 12 0 0 1 26 16 8 29 20 16 0 7 19 10 26 14 0 0 39 0 23 0 0 0 2 0 0 0 17 24 0 0 2 0 0 10 0
872 32 0 24 0 23 9 14 30 0 0 0 0 31 5 50 14 9 0 24 0 0 58 0 8 30 7 24 0 0 8 2 63 13 37 24 0 84 16 0 53 30 0 55 2 24 0 0 31 41 0 35 0 0 25 0 32 7 15 0 34 0 31 34 5 42 53 50 0 41 0 2 38 43 0 0 19 38 0 0 0 0 0 52 10 47 34 48 60 16 0 0 0 0 0 49 3 11 0 3 0
3740 880 325 0 0 0 0 0 0 0 0 0 0 0 49 91 63 84 103 40 21 11 27 0 11 51 0 14 8 0 4 15 25 46 36 48 95 65 33 41 12 13 72 57 43 9 0 33 41 47 1 25 45 42 24 27 0 61 46 22 5 44 0 35 29 72 15 38 36 28 27 0 57 53 18 46 8 51 3 39 25 25 0 20 11 47 32 59 68 52 0 67 0 64 0 3 5 0 42 18 0
1865 49 0 0 0 0 0 0 0 0 0 0 0 0 24 61 52 61 107 55 75 68 81 16 76 23 17 36 23 25 0 53 52 37 105 38 59 50 29 35 61 66 30 36 40 103 0 4 14 26 44 28 25 63 6 16 21 58 27 51 14 28 14 23 51 50 71 26 27 81 0 50 44 10 40 23 41 28 34 25 18 0 57 5 44 40 59 50 61 48 1 104 17 30 21 19 52 22 16 62 0
818 25 53 14 0 0 20 34 12 0 44 0 0 5 0 16 4 60 23 30 0 0 0 43 0 5 16 38 0 0 0 0 8 0 44 16 13 20 0 50 5 18 48 0 0 52 18 32 0 0 49 0 0 28 0 0 0 0 26 20 0 5 0 0 34 28 29 27 12 31 8 34 0 3 41 10 0 0 19 47 0 0 0 0 0 14 65 7 18 19 44 0 0 19 0 0 0 33 50 4 0
1146 0 0 0 0 0 0 0 0 0 0 0 0 11 36 49 83 30 63 33 67 60 28 31 47 2 33 20 4 28 62 40 49 79 79 54 107 23 56 33 64 35 22 21 63 46 1 36 12 34 54 11 53 48 38 19 64 35 20 38 45 34 2 69 83 52 53 40 70 44 28 63 25 22 63 39 25 75 48 37 26 38 0 21 48 62 76 62 8 90 77 51 0 3 0 23 28 27 58 21 0
2404 1015 444 92 0 0 0 0 0 0 0 0 0 0 24 38 46 52 82 4 33 15 0 18 13 0 13 0 0 0 0 0 2 0 17 7 16 19 33 23 7 0 0 9 6 12 0 0 11 0 0 0 7 0 0 8 3 24 0 25 1 21 0 11 0 18 0 6 12 32 0 5 0 2 7 0 10 25 0 0 0 0 12 0 0 0 0 34 12 28 21 2 13 21 0 0 0 0 37 0 0
355 4095 1934 1257 222 0 0 0 0 0 0 0 0 0 0 0 0 0 0 0 0 0 0 0 0 0 0 0 0 0 0 0 0 0 0 0 0 0 0 0 0 0 0 0 0 0 0 0 0 0 0 0 0 0 0 0 0 0 0 0 0 0 0 0 0 0 0 0 0 0 0 0 0 0 0 0 0 0 0 0 0 0 0 0 0 0 0 0 0 0 0 0 0 0 0 0 0 0 0 0 0
2900 2977 976 631 29 0 0 0 0 0 0 0 0 0 0 0 0 23 0 0 0 0 0 0 0 0 0 0 0 0 0 0 0 0 0 0 22 27 0 0 0 10 0 0 0 0 0 0 0 0 0 0 0 0 0 24 0 0 1 26 0 0 0 8 0 0 13 0 0 0 0 0 2 0 3 0 4 0 0 0 0 0 0 0 0 0 0 0 20 6 13 12 9 13 0 0 0 0 0 0 0
2532 975 461 93 0 0 0 0 0 0 0 0 0 0 0 46 43 60 60 32 45 0 18 0 26 0 0 0 0 0 0 2 27 0 6 9 40 10 0 8 0 19 0 0 2 17 0 5 6 0 3 0 19 18 0 6 15 6 16 45 0 4 5 8 0 0 27 11 21 0 35 8 0 5 0 0 0 16 8 15 0 0 8 0 0 0 6 24 44 9 18 6 57 0 0 0 0 0 0 0 0
12235 1284 327 0 0 0 0 0 0 0 0 0 0 0 0 0 0 0 0 0 0 0 8 0 7 0 15 5 0 24 0 49 0 73 27 63 90 86 82 58 57 45 60 61 30 35 1 55 50 0 30 2 33 35 53 44 15 49 29 22 19 46 42 38 43 43 39 40 34 54 91 19 86 48 69 9 44 42 34 44 59 15 26 4 28 0 49 61 76 73 33 46 71 53 22 27 13 54 0 38 0
747 998 1971 1035 690 245 11 0 0 0 0 0 0 0 0 0 0 0 0 0 13 0 0 0 0 0 0 0 0 0 0 0 0 0 0 0 0 0 0 0 0 0 0 0 0 0 0 0 0 0 0 0 0 0 0 0 0 0 0 0 0 0 0 0 0 0 0 0 0 0 0 0 0 0 0 0 0 0 0 0 0 0 0 0 0 0 0 0 0 0 0 0 0 0 0 0 0 0 0 0 0
1139 325 0 0 0 0 0 0 0 0 0 0 0 0 0 0 0 48 30 44 49 30 32 0 10 30 18 0 31 25 0 8 0 14 41 36 29 44 0 33 0 24 31 22 15 16 17 25 6 15 1 16 10 41 0 27 15 14 32 4 2 34 4 0 14 0 6 4 9 16 18 25 0 33 7 50 0 21 14 29 2 6 23 8 40 31 29 0 15 26 4 16 18 0 28 8 22 7 12 21 0
1676 1600 512 226 0 0 0 0 0 0 0 0 0 0 0 18 12 25 18 44 59 16 83 7 31 12 9 16 0 10 0 0 0 0 0 0 3 20 0 0 0 0 6 12 0 20 9 0 0 0 0 0 0 12 0 5 0 0 0 0 0 0 0 0 0 0 0 1 0 8 0 0 0 0 0 1 0 0 0 0 0 0 0 0 0 0 17 0 0 29 0 0 0 0 1 0 0 0 0 8 0
