305 0 0 0 0 0 0 0 0 0 71 106 146 91 122 128 115 87 70 8 55 22 44 14 4 0 41 2 23 0 30 45 27 52 14 21 5 0 23 58 18 24 45 24 56 50 17 19 20 63 6 17 39 8 28 0 17 18 23 49 0 14 27 27 10 0 35 48 54 21 26 24 55 0 31 17 0 33 0 0 18 52 39 31 51 0 17 0 0 11 0 0 1 5 52 18 38 4 20 54 0
879 5 0 28 60 0 0 0 39 9 0 0 46 0 0 30 10 30 0 0 17 0 0 75 33 9 0 31 0 8 21 0 0 5 43 31 0 0 76 3 26 2 61 30 72 74 0 59 7 40 46 45 0 4 0 42 0 11 4 61 0 0 33 16 0 0 15 0 56 44 29 48 31 0 24 40 0 5 0 0 31 0 8 0 54 10 31 0 22 0 0 0 0 28 0 17 0 0 0 2 0
436 64 52 38 65 11 17 41 0 30 25 40 1 0 31 0 0 0 0 6 23 18 20 17 9 6 31 0 36 20 0 0 15 0 21 16 36 6 51 0 0 0 0 0 0 3 0 0 2 0 17 28 25 0 49 0 15 0 0 0 0 0 0 0 40 0 7 5 12 21 4 17 11 24 16 35 13 0 25 24 10 2 0 0 0 0 0 0 0 29 0 27 0 23 0 0 0 0 0 19 0
881 40 36 45 100 49 0 0 21 0 2 0 37 11 0 71 14 47 0 7 0 0 44 0 10 19 21 0 0 0 20 2 21 24 30 0 0 6 0 2 77 5 0 19 0 14 0 0 11 0 56 0 0 0 0 41 0 12 0 35 26 38 89 73 53 44 42 43 39 20 38 56 2 0 8 13 0 0 0 30 0 0 0 16 24 0 40 18 3 0 0 0 0 15 2 31 0 37 0 0 0
3531 369 0 0 0 0 0 0 0 0 0 0 0 61 94 139 96 144 70 110 69 83 46 21 3 94 0 61 36 55 20 39 82 106 61 73 64 17 46 100 25 42 41 36 63 27 98 14 48 7 34 41 45 43 29 47 18 8 37 40 14 52 57 48 109 46 30 60 75 58 62 36 45 40 46 0 39 40 2 56 13 14 1 77 51 70 40 34 56 11 27 0 30 7 12 0 56 42 38 33 0
1071 0 0 0 0 0 0 0 0 0 0 0 0 5 65 76 111 117 113 120 77 118 42 57 68 54 23 5 44 5 54 0 41 93 85 64 38 32 47 74 53 48 28 60 73 73 66 41 0 16 33 58 62 36 21 14 29 47 23 41 56 69 72 79 73 92 57 72 36 54 53 40 27 49 47 36 33 39 0 4 5 27 45 34 51 89 81 78 17 40 79 39 39 37 56 58 41 52 96 41 0
838 137 36 72 65 60 124 45 35 11 34 0 8 10 38 19 6 57 18 35 0 31 0 0 39 35 5 0 9 0 0 0 0 0 28 0 0 0 28 0 1 0 0 29 0 0 0 35 10 0 0 0 7 0 0 0 0 0 0 0 0 0 12 2 47 57 20 67 50 2 22 49 29 18 3 40 0 17 16 0 0 0 0 0 5 0 28 23 19 0 0 13 0 0 0 0 0 0 0 16 0
685 0 0 0 0 0 0 0 0 0 0 0 0 61 97 93 126 111 106 95 101 51 81 52 58 40 28 42 19 62 64 54 86 70 91 66 39 62 92 43 16 5 57 58 62 78 0 39 0 20 70 49 22 62 46 23 44 86 18 38 51 65 63 63 106 48 111 42 58 44 29 15 21 41 22 32 46 38 58 41 0 12 12 73 0 65 68 80 17 61 69 4 28 4 1 41 54 22 41 65 0
3000 471 164 0 0 0 0 0 0 0 0 0 0 0 32 73 92 105 99 50 55 11 48 20 4 41 4 0 2 0 1 19 19 31 43 52 33 41 25 30 35 7 0 29 20 20 40 0 11 0 0 17 31 26 24 40 0 32 28 27 16 0 30 25 0 67 0 37 22 55 25 22 13 7 0 0 13 31 0 10 5 0 23 16 0 25 20 8 40 12 23 14 4 0 16 0 0 23 0 9 0
1409 1946 1057 550 73 0 0 0 0 0 0 0 0 0 0 0 0 0 1 53 18 28 27 21 0 0 0 0 0 0 0 0 0 0 0 0 16 1 0 0 0 0 0 0 0 0 0 0 0 0 0 0 0 0 0 0 0 0 0 0 0 0 0 0 0 0 1 5 0 0 10 0 0 0 2 0 0 0 0 0 0 0 0 0 0 0 0 0 0 0 0 0 0 0 0 0 0 0 0 0 0
12084 2844 324 69 0 0 0 0 0 0 0 0 0 0 0 0 0 5 0 1 0 0 0 0 0 0 0 0 0 0 0 5 0 27 0 82 27 28 35 10 19 28 9 33 18 25 43 30 0 7 0 24 46 7 75 15 37 29 69 26 4 0 20 48 53 44 47 52 44 37 41 24 46 0 0 0 11 20 2 0 27 0 18 20 0 25 37 26 78 20 49 16 4 9 1 0 14 0 0 6 0
2825 440 142 0 0 0 0 0 0 0 0 0 0 0 29 67 77 91 77 72 68 15 37 0 7 0 0 0 19 0 16 4 39 7 47 65 12 38 14 20 30 11 5 33 19 37 31 2 0 9 0 45 23 37 23 36 32 18 27 41 0 0 48 26 26 51 11 28 49 32 29 33 12 0 0 0 33 2 19 6 5 4 31 0 4 45 34 14 55 0 34 4 5 0 16 0 14 0 3 3 0
3158 868 36 0 0 0 0 0 0 0 0 0 0 0 0 0 35 46 38 53 109 63 88 0 27 35 37 5 18 29 22 26 11 52 77 70 71 49 54 45 53 27 30 16 28 28 74 12 34 0 3 22 49 32 39 60 0 25 4 52 45 22 84 47 54 87 48 67 33 70 27 50 46 53 0 23 9 15 35 28 0 7 0 13 19 0 45 43 83 37 58 36 39 17 24 54 3 24 9 58 0
327 5011 2890 1348 233 3 0 0 0 0 0 0 0 0 0 0 0 0 0 0 0 0 0 0 0 0 0 0 0 0 0 0 0 0 0 0 0 0 0 0 0 0 0 0 0 0 0 0 0 0 0 0 0 0 0 0 0 0 0 0 0 0 0 0 0 0 0 0 0 0 0 0 0 0 0 0 0 0 0 0 0 0 0 0 0 0 0 0 0 0 0 0 0 0 0 0 0 0 0 0 0
217 0 0 0 0 0 0 0 0 0 0 0 0 0 0 14 43 78 78 76 66 52 36 51 17 40 17 22 15 2 0 5 6 6 25 51 29 37 1 11 21 22 26 36 36 34 31 17 20 0 18 22 25 42 7 38 10 25 27 0 26 26 6 28 14 37 5 12 35 35 20 15 29 1 25 21 21 25 8 0 8 0 39 43 24 21 30 35 24 17 5 27 11 0 15 42 32 22 24 25 0
959 657 63 0 0 0 0 0 0 0 0 0 0 0 0 0 25 12 27 58 41 72 52 49 53 24 57 9 40 0 8 0 37 0 15 53 10 44 25 32 9 11 12 19 40 48 51 38 9 0 0 0 15 45 43 17 1 24 0 2 0 16 33 22 34 9 22 69 31 39 0 52 31 37 26 22 0 36 14 0 0 0 13 11 37 13 44 2 51 22 11 41 0 40 3 17 37 17 35 40 0
