1 2 6 0 4 1 0 0 5 5 0 3 4 0 4 3 5 0 0 0 1 12 0 3 5 3 2 6 0 7 6 0 2 1 0 4 0 0 2 6 4 5 0 1 0 0 0 1 0 2 0 0 0 0 0 3 3 0 1 9 0 3 5 4 8 6 2 0 0 0 0 4 0 0 2 0 0 0 2 4 1 2 0 0 3 0 0 0 0 0 0 2 0 8 0 0 0 6 1 3 0
4 0 0 0 0 0 0 0 0 0 0 0 0 0 0 0 0 0 2 0 0 0 0 0 1 0 0 4 4 2 3 5 4 3 6 2 2 0 5 0 3 2 2 0 0 0 0 0 0 0 1 0 1 2 3 4 0 0 5 1 5 7 0 6 2 4 5 0 5 0 3 1 2 0 0 0 1 0 0 2 0 2 6 0 2 3 1 4 0 0 0 3 5 1 3 2 1 0 0 0 0
45 22 4 5 0 0 0 0 0 0 0 0 0 0 0 0 0 1 0 0 0 0 0 0 0 0 0 0 2 2 2 2 2 4 3 2 1 1 3 0 1 2 2 1 3 1 3 1 0 0 1 2 0 2 1 0 1 3 1 2 0 2 1 0 0 0 1 1 0 0 0 0 2 0 0 0 0 0 0 0 0 0 0 0 0 0 0 0 3 0 0 0 0 1 0 0 1 1 0 0 0
496 464 383 329 272 210 178 154 108 88 65 58 28 13 10 0 3 0 0 0 0 0 0 0 0 0 0 0 0 0 0 0 0 0 0 0 0 0 0 0 0 0 0 0 0 0 0 0 0 0 0 0 0 0 0 0 0 0 0 0 0 0 0 0 0 0 0 0 0 0 0 0 0 0 0 0 0 0 0 0 0 0 0 0 0 0 0 0 0 0 0 0 0 0 0 0 0 0 0 0 0
114 80 49 27 13 7 0 0 0 0 0 0 0 0 0 0 0 0 0 0 0 0 0 0 0 0 0 0 1 0 0 0 0 2 0 0 1 3 0 0 0 0 0 0 1 0 0 0 0 0 0 0 0 1 0 0 0 1 0 2 0 0 0 0 0 1 3 2 0 0 0 0 0 0 0 0 0 0 0 0 0 0 0 0 0 1 0 1 6 0 0 1 0 2 4 2 0 0 0 0 0
71 84 65 38 26 17 0 0 0 0 0 0 0 0 0 0 0 0 0 0 0 5 0 0 0 1 11 3 0 0 0 0 3 0 4 0 0 0 1 1 2 5 11 2 2 2 3 6 4 0 1 0 7 9 9 8 0 0 0 2 0 0 2 0 0 0 0 2 0 2 4 0 9 0 1 7 0 0 0 0 0 0 0 0 0 9 8 8 4 10 0 4 0 3 12 9 7 4 5 2 0
1037 205 155 96 78 40 27 21 15 9 6 2 0 0 0 0 0 0 0 0 0 0 0 0 0 0 0 0 0 0 0 0 0 0 0 0 0 0 0 0 0 0 0 0 0 0 0 0 0 0 0 0 0 0 0 0 0 0 0 0 0 0 0 0 0 0 0 0 0 0 0 0 0 0 0 0 0 0 0 0 0 0 0 0 0 0 0 0 0 0 0 0 0 0 0 0 0 0 0 0 0
115 120 186 164 171 147 140 108 86 52 57 35 25 11 0 4 0 0 0 0 0 0 0 0 0 0 0 0 0 0 0 0 0 0 0 0 0 0 0 0 0 0 0 0 0 3 0 0 0 0 0 0 0 0 0 0 0 4 0 0 0 1 0 0 0 0 0 0 0 0 0 0 0 0 0 0 0 0 0 0 0 0 0 0 0 0 0 0 0 0 3 7 0 0 8 5 2 9 24 6 0
101 299 276 270 218 181 190 156 128 123 94 85 62 54 13 7 13 1 0 0 0 2 0 0 0 0 0 0 0 0 0 0 0 0 0 0 0 0 0 0 0 0 0 0 0 0 0 0 0 0 0 0 0 0 0 0 0 0 0 0 0 0 0 0 0 0 0 0 0 0 0 0 0 0 0 0 0 0 0 0 0 0 0 0 0 0 0 0 0 0 0 0 0 0 0 0 0 0 0 0 0
4 13 1 0 2 0 0 8 19 10 5 18 6 0 16 3 13 0 5 0 8 9 0 0 0 0 0 0 5 0 0 2 0 7 2 3 6 10 3 7 0 0 2 1 0 0 0 3 6 3 4 0 4 7 0 0 3 0 0 0 4 13 0 9 0 0 10 4 5 2 12 2 13 0 5 3 6 5 0 9 4 0 0 0 2 9 0 11 0 2 0 0 3 2 0 3 4 0 0 0 0
