351 10 0 26 27 11 33 16 0 0 33 4 27 10 21 10 0 0 28 4 43 0 0 2 0 0 27 0 8 10 0 11 0 0 0 0 18 20 0 15 6 5 0 0 9 42 31 12 2 0 0 12 26 49 0 15 2 38 12 13 6 0 3 0 0 0 0 0 0 14 0 13 0 51 0 2 5 0 12 5 14 0 0 3 1 5 25 0 0 0 0 0 8 16 26 31 0 15 20 0 0
133 0 0 0 0 5 0 0 11 0 0 7 0 0 0 4 0 4 0 0 13 11 0 5 10 10 0 33 0 14 6 0 0 0 0 0 0 14 3 0 0 5 0 0 6 9 17 12 21 10 18 12 5 0 0 0 15 7 0 7 5 0 1 0 4 0 0 0 0 5 2 10 7 17 15 19 33 0 8 17 0 5 7 0 0 5 19 21 10 22 0 4 0 0 0 0 2 19 7 4 0
148 36 23 0 0 0 0 0 0 0 0 6 4 4 6 1 3 0 0 2 0 12 23 5 0 0 0 6 8 5 10 17 10 10 0 1 0 0 0 14 0 0 6 8 5 0 0 9 0 9 0 0 13 4 0 5 0 0 14 0 6 0 8 10 5 0 0 0 0 4 0 3 7 1 18 18 10 9 4 3 0 0 0 2 0 0 4 0 7 12 4 0 0 0 0 0 0 1 0 7 0
1716 676 575 494 337 334 291 231 139 103 68 54 41 9 43 0 35 0 28 13 5 0 0 0 0 0 0 0 0 0 0 0 0 0 0 0 0 0 0 0 0 0 0 0 0 0 0 0 0 0 0 0 0 0 0 0 0 0 0 9 0 0 0 2 2 0 0 0 0 0 0 0 0 0 0 0 7 6 0 0 0 0 0 0 0 0 0 22 0 3 0 0 0 0 0 0 0 0 0 0 0
221 0 0 0 0 0 0 0 0 0 0 3 0 0 0 0 9 0 3 0 16 16 39 22 21 8 23 1 17 9 19 0 10 0 2 10 6 3 3 6 5 0 0 4 4 0 11 8 15 10 18 13 11 0 18 25 8 7 26 25 15 30 43 0 0 3 4 0 12 10 0 0 4 9 0 4 4 23 19 0 7 17 13 8 0 1 7 0 0 15 12 2 17 4 0 4 8 0 18 21 0
841 0 0 0 0 0 0 0 0 0 0 0 0 0 0 0 0 0 16 52 45 116 190 167 177 206 212 161 174 203 152 158 202 109 110 100 43 75 75 76 82 53 39 50 67 74 39 64 76 42 105 71 79 47 96 75 109 78 105 130 110 121 122 114 100 87 79 64 135 78 123 63 64 64 35 19 99 34 59 57 70 106 102 96 87 118 91 93 60 101 73 101 82 83 73 65 63 108 108 103 0
221 33 10 0 0 0 0 0 0 0 4 0 0 0 3 2 6 0 14 11 4 0 9 11 10 10 7 15 4 16 9 13 7 25 0 6 12 7 6 0 6 17 0 0 6 13 6 0 0 0 0 0 0 0 0 8 3 0 0 0 2 0 0 7 5 11 0 20 0 1 0 0 0 19 6 6 11 6 3 15 7 13 10 0 14 0 0 10 13 0 0 0 0 0 0 1 0 0 0 0 0
25895 4649 3761 2771 2108 1278 703 308 0 0 0 0 0 0 0 0 0 0 0 0 0 0 0 0 0 0 0 0 76 55 53 94 29 93 139 143 83 67 52 55 54 0 11 0 0 0 0 0 0 0 0 0 0 0 0 0 0 0 0 0 0 18 0 46 0 0 0 0 0 82 0 7 0 0 0 0 0 0 0 0 0 0 0 0 0 0 0 0 0 0 0 0 0 0 0 1 0 0 23 0 0
1214 183 107 90 94 35 32 66 44 13 14 41 24 8 13 0 0 0 0 23 30 2 0 20 19 15 55 40 19 18 19 28 45 52 2 0 0 4 1 0 16 3 0 35 8 6 7 0 0 0 6 23 0 0 2 8 39 18 0 13 12 0 0 0 38 19 0 0 42 5 15 33 0 0 0 2 0 6 0 0 0 0 7 0 0 6 0 16 36 28 0 0 0 49 20 3 0 21 7 5 0
1450 13 0 11 41 46 68 68 0 47 42 0 0 0 13 0 0 21 0 17 0 0 31 36 0 20 0 0 0 53 61 9 70 58 30 39 0 20 0 0 54 21 78 25 36 65 41 35 0 20 2 55 5 45 29 23 26 0 34 1 4 57 0 0 52 20 28 0 29 71 22 53 62 12 34 0 0 0 0 0 0 0 0 51 0 16 3 31 0 19 0 16 27 48 0 12 0 18 0 22 0
