7 5 1 0 10 4 0 0 0 0 0 0 3 5 0 1 2 3 0 5 0 1 1 0 1 4 9 0 7 2 0 0 9 8 2 1 2 4 0 0 0 6 8 0 0 1 0 3 4 0 0 4 1 0 3 1 3 0 0 4 8 0 3 4 0 7 4 8 5 2 0 0 0 3 0 0 6 0 0 0 0 1 3 0 0 4 6 0 5 0 0 0 0 0 0 0 0 0 5 3 0
37 18 2 0 0 0 0 0 0 0 0 0 0 0 0 0 0 0 0 0 0 0 0 0 0 2 0 1 2 2 4 6 0 2 3 7 2 0 4 7 0 1 2 5 0 0 2 0 0 0 3 0 3 0 3 5 4 2 0 0 5 4 2 4 3 3 0 3 4 4 3 4 3 0 1 0 0 0 1 1 1 0 0 6 2 0 0 5 2 5 1 2 0 2 5 2 0 0 2 4 0
935 106 60 25 11 1 0 0 0 0 0 0 0 0 0 0 0 0 0 0 0 0 0 0 0 0 0 0 0 0 0 1 1 0 0 0 0 0 0 1 0 0 1 0 0 0 2 3 0 0 0 0 1 2 0 0 0 1 0 0 0 0 2 0 0 1 0 0 0 0 0 1 0 0 1 0 0 0 0 0 0 2 0 0 0 0 0 0 0 0 0 0 0 0 0 0 0 0 0 0 0
445 547 508 452 406 358 296 215 200 160 113 82 72 22 19 5 3 0 0 0 0 0 0 0 0 0 0 0 0 0 0 0 0 0 0 0 0 0 0 0 0 0 0 0 0 0 0 0 0 0 0 0 0 0 0 0 0 0 0 0 0 0 0 0 0 0 0 0 0 0 0 0 0 0 0 0 0 0 0 0 0 0 0 0 0 0 0 0 0 0 0 0 0 0 0 0 0 0 0 0 0
187 118 114 62 51 19 9 4 3 0 0 0 0 0 0 0 0 0 0 0 0 0 0 0 0 0 0 0 0 0 0 0 0 0 0 0 0 0 0 0 0 0 0 0 0 0 0 0 0 0 0 0 0 0 0 0 0 0 0 0 0 0 0 0 1 0 0 0 2 0 0 0 0 0 0 0 0 0 0 0 0 0 0 0 0 0 0 0 0 0 1 0 0 1 0 0 0 0 0 0 0
54 66 75 85 62 49 24 6 0 0 0 0 0 0 0 0 0 0 0 0 0 0 0 0 0 0 0 0 8 11 0 0 0 0 0 6 0 2 2 0 0 0 0 0 3 12 0 0 7 2 0 6 0 4 6 10 1 3 0 0 0 0 0 0 1 1 0 0 0 0 0 2 2 8 0 4 2 0 0 0 0 0 0 0 0 0 0 0 8 8 1 3 5 0 0 4 0 0 2 2 0
48 308 270 200 145 130 64 42 26 22 7 2 0 0 0 0 0 0 0 0 0 0 0 0 0 0 0 0 0 0 0 0 0 0 0 0 0 0 0 0 0 0 0 0 0 0 0 0 0 0 0 0 0 0 0 0 0 0 0 0 0 0 0 0 0 0 0 0 0 0 0 0 0 0 0 0 0 0 0 0 0 0 0 0 0 0 0 0 0 0 0 0 0 0 0 0 0 0 0 0 0
148 109 128 163 186 187 169 164 140 126 83 70 44 33 20 0 5 0 0 0 0 0 0 0 0 0 0 0 0 0 0 0 0 0 0 0 0 0 0 0 0 0 0 0 0 0 0 0 0 0 0 0 0 0 0 0 0 0 0 0 0 0 0 0 0 0 0 0 0 0 0 0 0 0 0 0 0 0 0 0 0 0 0 0 0 0 0 0 0 0 0 0 0 0 0 1 0 0 0 0 0
39 0 76 127 142 146 136 110 111 86 101 78 83 66 56 40 10 28 7 0 0 0 0 0 0 0 0 0 0 0 0 0 0 0 0 0 0 0 0 0 0 0 0 0 0 0 0 0 0 0 0 0 0 0 0 0 0 0 0 0 0 0 0 0 0 0 0 0 0 0 0 0 0 0 0 0 0 0 0 0 0 0 0 0 0 0 0 0 0 0 0 0 0 0 0 0 0 0 0 0 0
50 4 17 0 1 3 0 0 0 10 7 6 9 4 0 5 14 11 1 3 4 0 10 7 8 0 3 0 0 4 5 0 0 0 0 9 0 6 0 10 14 4 0 0 8 0 0 6 0 4 5 6 4 6 0 0 0 0 6 2 0 0 4 1 10 0 0 8 7 8 0 10 1 3 0 8 0 5 0 0 0 0 9 2 0 0 0 0 0 0 1 0 0 0 0 7 11 5 0 0 0
