294 0 0 0 0 0 0 0 0 0 35 43 103 92 91 65 96 65 79 44 3 48 10 33 11 17 1 22 18 7 6 22 54 8 17 34 15 0 3 17 36 22 19 45 52 29 28 0 7 21 26 14 4 31 13 24 0 18 0 46 14 0 17 0 34 0 17 17 42 23 38 6 44 15 0 25 13 6 9 12 2 29 4 42 46 4 0 28 2 5 19 0 0 0 30 25 5 0 46 23 0
595 13 0 0 48 11 0 0 7 24 0 0 7 6 0 39 22 21 7 0 0 0 18 39 0 68 0 29 0 0 42 15 12 0 0 45 2 0 11 13 15 0 36 40 30 69 0 3 12 48 10 34 0 28 9 36 11 0 0 34 0 0 16 0 7 0 0 0 11 42 7 56 7 17 0 14 19 0 0 0 0 32 1 12 28 6 25 26 6 0 25 0 0 11 11 0 40 0 0 0 0
334 16 56 21 45 12 0 35 12 32 29 1 24 18 8 0 0 0 16 0 11 0 23 0 1 6 12 0 16 6 6 0 0 8 0 17 7 0 12 20 0 24 0 0 0 4 0 0 0 0 21 8 9 0 37 2 32 0 4 0 0 0 0 14 0 51 0 6 21 7 0 26 0 21 0 18 31 0 11 44 0 0 18 0 0 0 0 0 0 0 8 0 1 0 0 0 0 0 0 0 0
691 20 16 46 2 81 0 18 11 4 0 0 6 38 2 4 9 53 0 8 0 55 0 0 23 8 0 0 0 13 0 0 21 6 0 36 0 19 7 0 37 84 0 30 0 6 0 0 19 10 0 34 0 0 0 3 15 5 0 8 14 35 11 67 19 38 30 0 35 45 16 38 41 0 0 46 0 48 0 0 0 7 5 0 0 25 6 36 6 0 30 0 0 0 5 19 0 4 0 14 0
3665 575 182 0 0 0 0 0 0 0 0 0 0 0 50 88 67 71 87 47 81 9 50 38 10 35 9 24 28 18 19 5 55 42 72 26 78 6 26 25 40 22 24 33 31 35 10 62 35 0 17 35 17 5 25 38 13 26 10 36 31 9 34 31 40 39 35 53 61 0 85 14 20 35 21 52 0 12 24 21 17 14 0 20 16 65 30 27 19 34 12 0 24 3 0 3 9 15 32 42 0
1129 0 0 0 0 0 0 0 0 0 0 0 0 0 45 51 59 59 117 42 66 79 53 30 58 16 30 54 9 14 25 43 8 61 59 51 33 32 16 42 30 54 53 12 41 73 45 64 5 0 43 13 65 40 4 23 28 12 31 38 25 43 49 23 24 67 66 3 71 56 8 51 0 51 21 28 57 33 8 0 9 27 21 18 56 24 73 76 31 29 16 71 6 28 23 42 48 53 39 80 0
611 108 72 24 41 48 46 65 48 0 44 0 20 5 10 45 0 33 14 36 0 0 8 20 0 25 0 0 0 0 0 0 0 0 11 0 8 0 20 2 0 20 13 0 0 0 9 0 12 0 9 0 0 0 0 0 0 0 1 0 0 0 0 0 0 60 3 43 17 25 7 24 39 20 2 0 10 0 32 0 2 0 0 17 0 10 0 38 12 18 0 3 0 0 0 7 0 0 0 3 0
725 0 0 0 0 0 0 0 0 0 0 0 0 15 73 64 76 88 52 67 69 81 33 35 40 27 11 31 20 16 60 17 53 57 62 64 39 15 60 58 34 9 21 24 36 61 13 7 9 0 20 44 16 36 42 33 14 56 42 22 32 39 53 31 66 84 57 57 33 45 17 3 21 32 40 0 64 5 52 34 10 12 6 10 35 31 56 18 70 3 47 46 7 0 24 13 3 68 16 48 0
3549 633 287 0 0 0 0 0 0 0 0 0 0 0 0 16 66 63 74 23 46 5 35 42 0 8 9 0 0 0 0 2 0 13 10 28 34 33 0 28 0 23 0 0 5 5 0 30 0 0 0 0 0 0 34 8 6 3 35 19 12 12 0 3 0 16 15 19 23 19 27 16 0 7 0 10 0 21 0 1 12 8 3 8 0 0 0 19 0 32 12 0 0 0 0 0 0 4 4 0 0
634 1594 1017 664 137 0 0 0 0 0 0 0 0 0 0 0 0 0 6 0 10 15 0 24 0 0 0 0 0 0 0 0 0 0 0 14 0 1 0 4 0 0 0 0 0 0 0 0 0 0 0 0 0 0 0 0 0 0 0 0 0 1 0 0 0 0 0 0 0 0 0 18 0 0 0 0 0 0 0 0 0 0 0 0 0 0 0 0 0 0 0 0 0 0 0 0 0 0 0 0 0
3345 6116 0 330 0 0 0 0 0 0 0 0 0 0 0 0 0 0 0 0 0 0 0 0 0 0 0 0 0 0 0 0 0 0 0 0 2 0 0 0 0 0 0 0 0 0 0 0 0 0 0 0 0 0 0 0 0 0 0 21 0 0 0 0 0 8 0 17 0 14 0 0 0 0 0 0 0 0 0 0 0 0 0 0 0 0 0 0 0 0 0 2 0 0 0 0 0 0 0 0 0
8493 228 237 0 0 0 0 0 0 0 0 0 0 0 0 31 36 87 29 48 37 31 17 18 0 0 0 0 0 0 7 0 4 6 24 49 30 50 4 8 0 55 0 2 25 4 6 44 0 0 13 0 38 15 29 4 25 14 32 36 4 0 0 27 10 33 24 39 21 27 37 38 0 0 3 14 0 34 0 35 0 26 2 19 0 5 19 31 27 19 27 0 13 6 0 19 0 18 12 0 0
3049 1029 223 0 0 0 0 0 0 0 0 0 0 0 0 0 0 17 0 31 68 19 56 20 9 17 17 31 20 0 0 19 5 2 59 28 67 14 44 39 20 43 43 13 0 26 9 28 32 0 0 24 0 49 19 26 8 12 0 28 20 20 28 52 11 41 17 69 34 9 58 20 27 27 22 4 0 2 28 28 15 0 30 0 0 6 0 16 37 55 3 17 26 32 14 0 17 36 3 5 0
748 634 3148 1184 621 217 0 0 0 0 0 0 0 0 0 0 0 0 0 0 0 0 0 0 0 0 0 0 0 0 0 0 0 0 0 0 0 0 0 0 0 0 0 0 0 0 0 0 0 0 0 0 0 0 0 0 0 0 0 0 0 0 0 0 0 0 0 0 0 0 0 0 0 0 0 0 0 0 0 0 0 0 0 0 0 0 0 0 0 0 0 0 0 0 0 0 0 0 0 0 0
224 0 0 0 0 0 0 0 0 0 0 0 0 0 0 12 14 41 52 53 55 45 24 24 26 33 26 19 27 7 0 4 1 5 11 21 22 26 16 11 0 35 16 17 22 28 21 19 19 2 0 6 31 32 0 29 15 15 7 17 9 7 23 12 2 6 22 15 0 36 14 10 12 30 2 35 0 24 15 20 7 0 8 29 31 22 21 17 20 17 12 12 21 0 4 19 28 1 28 23 0
641 713 192 0 0 0 0 0 0 0 0 0 0 0 0 0 40 0 8 30 46 24 39 2 40 25 6 18 18 30 0 0 0 0 14 33 18 19 23 8 0 4 29 0 27 6 49 46 17 6 0 0 1 18 20 28 0 0 4 16 0 7 27 11 27 0 5 58 22 14 8 10 18 0 31 29 0 13 21 0 0 0 12 0 31 12 30 0 16 36 6 18 0 28 0 3 11 16 35 24 0
