coppia 1 1
4155.0 7.0 0.0 0.0 5.0 9.0 0.0 3.0 0.0 3.0 1.0 5.0 0.0 3.0 0.0 2.0 5.0 0.0 3.0 3.0 
coppia 1 2
0.0 581.0 400.0 234.0 141.0 101.0 32.0 14.0 7.0 2.0 0.0 0.0 0.0 0.0 0.0 0.0 0.0 0.0 0.0 0.0 
coppia 1 3
0.0 0.0 124.0 153.0 130.0 112.0 79.0 56.0 23.0 24.0 22.0 0.0 0.0 1.0 0.0 3.0 0.0 1.0 0.0 0.0 
coppia 1 4
0.0 777.0 850.0 870.0 781.0 692.0 652.0 560.0 523.0 392.0 374.0 279.0 236.0 183.0 141.0 107.0 39.0 52.0 5.0 0.0 
coppia 1 5
0.0 0.0 96.0 171.0 217.0 168.0 149.0 106.0 88.0 48.0 25.0 12.0 10.0 0.0 2.0 0.0 0.0 0.0 0.0 0.0 
coppia 1 6
1.0 0.0 0.0 38.0 48.0 99.0 102.0 100.0 97.0 80.0 48.0 44.0 33.0 0.0 0.0 0.0 0.0 0.0 1.0 0.0 
coppia 1 7
0.0 0.0 0.0 32.0 81.0 85.0 106.0 93.0 96.0 75.0 43.0 54.0 29.0 26.0 8.0 11.0 9.0 0.0 1.0 0.0 
coppia 1 8
0.0 0.0 0.0 0.0 87.0 110.0 166.0 244.0 301.0 261.0 239.0 263.0 211.0 222.0 143.0 102.0 90.0 89.0 41.0 58.0 
coppia 1 9
0.0 0.0 0.0 0.0 0.0 42.0 22.0 49.0 86.0 85.0 77.0 42.0 62.0 55.0 52.0 57.0 40.0 75.0 20.0 44.0 
coppia 1 10
8.0 4.0 5.0 10.0 0.0 4.0 5.0 35.0 0.0 6.0 0.0 10.0 20.0 4.0 0.0 0.0 13.0 0.0 15.0 40.0 
coppia 2 1
0.0 0.0 3.0 0.0 0.0 0.0 7.0 0.0 0.0 2.0 0.0 7.0 0.0 2.0 1.0 0.0 5.0 6.0 10.0 4.0 
coppia 2 2
1763.0 140.0 52.0 7.0 0.0 0.0 0.0 0.0 0.0 0.0 0.0 0.0 0.0 0.0 0.0 0.0 0.0 0.0 0.0 0.0 
coppia 2 3
21.0 425.0 278.0 157.0 99.0 42.0 22.0 0.0 0.0 0.0 0.0 0.0 0.0 0.0 0.0 0.0 0.0 0.0 0.0 0.0 
coppia 2 4
271.0 710.0 746.0 699.0 624.0 548.0 512.0 417.0 357.0 290.0 236.0 172.0 132.0 98.0 65.0 21.0 3.0 0.0 0.0 0.0 
coppia 2 5
27.0 359.0 354.0 281.0 186.0 119.0 67.0 22.0 16.0 2.0 0.0 0.0 0.0 0.0 0.0 0.0 0.0 0.0 0.0 0.0 
coppia 2 6
0.0 11.0 102.0 137.0 184.0 142.0 134.0 77.0 43.0 15.0 0.0 3.0 0.0 0.0 0.0 0.0 0.0 0.0 0.0 0.0 
coppia 2 7
0.0 2.0 133.0 192.0 180.0 162.0 141.0 103.0 54.0 25.0 35.0 18.0 6.0 0.0 0.0 0.0 0.0 0.0 0.0 0.0 
coppia 2 8
0.0 0.0 106.0 201.0 299.0 347.0 357.0 370.0 332.0 305.0 291.0 221.0 162.0 128.0 92.0 93.0 31.0 23.0 10.0 0.0 
coppia 2 9
0.0 0.0 0.0 32.0 75.0 110.0 120.0 112.0 104.0 108.0 79.0 71.0 74.0 94.0 64.0 62.0 42.0 39.0 21.0 17.0 
coppia 2 10
0.0 12.0 15.0 5.0 13.0 1.0 18.0 0.0 0.0 0.0 13.0 20.0 7.0 5.0 18.0 0.0 0.0 7.0 7.0 11.0 
coppia 3 1
0.0 5.0 1.0 0.0 10.0 4.0 0.0 0.0 0.0 0.0 0.0 0.0 3.0 5.0 0.0 1.0 2.0 3.0 0.0 5.0 
coppia 3 2
33.0 18.0 2.0 0.0 0.0 0.0 0.0 0.0 0.0 0.0 0.0 0.0 0.0 0.0 0.0 0.0 0.0 0.0 0.0 0.0 
coppia 3 3
931.0 106.0 60.0 25.0 11.0 1.0 0.0 0.0 0.0 0.0 0.0 0.0 0.0 0.0 0.0 0.0 0.0 0.0 0.0 0.0 
coppia 3 4
370.0 547.0 508.0 452.0 406.0 358.0 296.0 215.0 200.0 160.0 113.0 82.0 72.0 22.0 19.0 5.0 3.0 0.0 0.0 0.0 
coppia 3 5
179.0 118.0 114.0 62.0 51.0 19.0 9.0 4.0 3.0 0.0 0.0 0.0 0.0 0.0 0.0 0.0 0.0 0.0 0.0 0.0 
coppia 3 6
24.0 66.0 75.0 85.0 62.0 49.0 24.0 6.0 0.0 0.0 0.0 0.0 0.0 0.0 0.0 0.0 0.0 0.0 0.0 0.0 
coppia 3 7
32.0 308.0 270.0 200.0 145.0 130.0 64.0 42.0 26.0 22.0 7.0 2.0 0.0 0.0 0.0 0.0 0.0 0.0 0.0 0.0 
coppia 3 8
49.0 109.0 128.0 163.0 186.0 187.0 169.0 164.0 140.0 126.0 83.0 70.0 44.0 33.0 20.0 0.0 5.0 0.0 0.0 0.0 
coppia 3 9
0.0 0.0 76.0 127.0 142.0 146.0 136.0 110.0 111.0 86.0 101.0 78.0 83.0 66.0 56.0 40.0 10.0 28.0 7.0 0.0 
coppia 3 10
0.0 4.0 17.0 0.0 1.0 3.0 0.0 0.0 0.0 10.0 7.0 6.0 9.0 4.0 0.0 5.0 14.0 11.0 1.0 3.0 
coppia 4 1
0.0 0.0 0.0 0.0 0.0 0.0 0.0 0.0 0.0 4.0 16.0 3.0 15.0 8.0 0.0 7.0 9.0 5.0 0.0 24.0 
coppia 4 2
348.0 0.0 0.0 0.0 0.0 0.0 0.0 0.0 0.0 0.0 0.0 0.0 0.0 0.0 0.0 0.0 0.0 0.0 0.0 0.0 
coppia 4 3
411.0 198.0 70.0 22.0 0.0 0.0 0.0 0.0 0.0 0.0 0.0 0.0 0.0 0.0 0.0 0.0 0.0 0.0 0.0 0.0 
coppia 4 4
10197.0 2298.0 2043.0 1654.0 1404.0 1140.0 917.0 677.0 531.0 410.0 264.0 211.0 138.0 61.0 18.0 0.0 0.0 0.0 0.0 0.0 
coppia 4 5
520.0 482.0 340.0 211.0 102.0 62.0 40.0 6.0 0.0 0.0 0.0 0.0 0.0 0.0 0.0 0.0 0.0 0.0 0.0 0.0 
coppia 4 6
292.0 286.0 274.0 191.0 171.0 94.0 19.0 25.0 0.0 0.0 0.0 0.0 0.0 0.0 0.0 0.0 0.0 0.0 0.0 0.0 
coppia 4 7
504.0 525.0 405.0 306.0 205.0 146.0 95.0 68.0 33.0 10.0 0.0 0.0 0.0 0.0 0.0 0.0 0.0 0.0 0.0 0.0 
coppia 4 8
707.0 829.0 933.0 945.0 879.0 801.0 771.0 622.0 514.0 377.0 264.0 204.0 130.0 58.0 0.0 0.0 0.0 0.0 0.0 0.0 
coppia 4 9
269.0 384.0 404.0 451.0 387.0 361.0 304.0 279.0 281.0 222.0 200.0 168.0 115.0 108.0 101.0 44.0 11.0 0.0 0.0 0.0 
coppia 4 10
28.0 46.0 38.0 12.0 0.0 4.0 0.0 46.0 17.0 28.0 54.0 17.0 35.0 20.0 4.0 0.0 22.0 0.0 10.0 0.0 
coppia 5 1
0.0 3.0 0.0 0.0 0.0 3.0 3.0 0.0 0.0 0.0 1.0 0.0 0.0 2.0 0.0 6.0 7.0 3.0 2.0 9.0 
coppia 5 2
43.0 8.0 0.0 0.0 0.0 0.0 0.0 0.0 0.0 0.0 0.0 0.0 0.0 0.0 0.0 0.0 0.0 1.0 1.0 0.0 
coppia 5 3
181.0 98.0 58.0 32.0 20.0 7.0 0.0 0.0 0.0 0.0 0.0 0.0 0.0 0.0 0.0 0.0 0.0 0.0 0.0 0.0 
coppia 5 4
495.0 479.0 433.0 385.0 355.0 299.0 223.0 196.0 165.0 120.0 91.0 66.0 39.0 25.0 11.0 4.0 0.0 0.0 0.0 0.0 
coppia 5 5
1356.0 192.0 113.0 50.0 10.0 8.0 0.0 0.0 0.0 0.0 0.0 0.0 0.0 0.0 0.0 0.0 0.0 0.0 0.0 0.0 
coppia 5 6
78.0 351.0 292.0 241.0 137.0 59.0 18.0 0.0 0.0 0.0 0.0 0.0 0.0 0.0 0.0 0.0 0.0 0.0 0.0 0.0 
coppia 5 7
111.0 132.0 108.0 80.0 57.0 34.0 17.0 4.0 6.0 0.0 0.0 0.0 0.0 0.0 0.0 0.0 0.0 0.0 0.0 0.0 
coppia 5 8
55.0 476.0 475.0 533.0 522.0 500.0 432.0 358.0 327.0 221.0 162.0 136.0 89.0 54.0 43.0 0.0 0.0 0.0 0.0 0.0 
coppia 5 9
31.0 57.0 94.0 102.0 80.0 76.0 59.0 65.0 50.0 27.0 30.0 27.0 25.0 31.0 14.0 11.0 19.0 0.0 0.0 0.0 
coppia 5 10
9.0 10.0 0.0 0.0 0.0 0.0 4.0 0.0 5.0 24.0 13.0 6.0 0.0 11.0 0.0 10.0 11.0 0.0 8.0 4.0 
coppia 6 1
6.0 4.0 10.0 0.0 6.0 10.0 19.0 3.0 15.0 0.0 0.0 7.0 14.0 15.0 0.0 5.0 6.0 0.0 8.0 8.0 
coppia 6 2
1.0 5.0 0.0 6.0 0.0 4.0 0.0 7.0 0.0 0.0 7.0 6.0 0.0 5.0 16.0 5.0 0.0 0.0 5.0 0.0 
coppia 6 3
27.0 25.0 12.0 9.0 4.0 5.0 2.0 3.0 0.0 2.0 0.0 0.0 7.0 0.0 0.0 9.0 6.0 1.0 5.0 4.0 
coppia 6 4
284.0 175.0 192.0 220.0 122.0 117.0 100.0 81.0 76.0 75.0 59.0 40.0 29.0 0.0 28.0 0.0 2.0 0.0 9.0 0.0 
coppia 6 5
89.0 52.0 9.0 0.0 0.0 0.0 0.0 0.0 0.0 0.0 0.0 0.0 0.0 0.0 0.0 3.0 0.0 9.0 0.0 0.0 
coppia 6 6
8667.0 268.0 90.0 0.0 0.0 0.0 0.0 0.0 0.0 0.0 0.0 0.0 0.0 0.0 0.0 0.0 0.0 0.0 0.0 0.0 
coppia 6 7
73.0 60.0 36.0 21.0 0.0 0.0 0.0 0.0 0.0 0.0 0.0 0.0 0.0 2.0 0.0 1.0 0.0 0.0 0.0 5.0 
coppia 6 8
0.0 3529.0 3036.0 2522.0 2080.0 1772.0 1303.0 984.0 579.0 434.0 234.0 64.0 0.0 0.0 0.0 0.0 0.0 0.0 0.0 0.0 
coppia 6 9
73.0 66.0 53.0 28.0 25.0 48.0 0.0 56.0 0.0 8.0 0.0 0.0 16.0 1.0 0.0 25.0 0.0 5.0 0.0 4.0 
coppia 6 10
26.0 0.0 27.0 9.0 0.0 18.0 16.0 18.0 39.0 9.0 3.0 0.0 24.0 0.0 34.0 6.0 21.0 11.0 0.0 6.0 
coppia 7 1
1.0 2.0 6.0 0.0 4.0 1.0 0.0 0.0 5.0 5.0 0.0 3.0 4.0 0.0 4.0 3.0 5.0 0.0 0.0 0.0 
coppia 7 2
4.0 0.0 0.0 0.0 0.0 0.0 0.0 0.0 0.0 0.0 0.0 0.0 0.0 0.0 0.0 0.0 0.0 0.0 2.0 0.0 
coppia 7 3
45.0 22.0 4.0 5.0 0.0 0.0 0.0 0.0 0.0 0.0 0.0 0.0 0.0 0.0 0.0 0.0 0.0 1.0 0.0 0.0 
coppia 7 4
496.0 464.0 383.0 329.0 272.0 210.0 178.0 154.0 108.0 88.0 65.0 58.0 28.0 13.0 10.0 0.0 3.0 0.0 0.0 0.0 
coppia 7 5
114.0 80.0 49.0 27.0 13.0 7.0 0.0 0.0 0.0 0.0 0.0 0.0 0.0 0.0 0.0 0.0 0.0 0.0 0.0 0.0 
coppia 7 6
71.0 84.0 65.0 38.0 26.0 17.0 0.0 0.0 0.0 0.0 0.0 0.0 0.0 0.0 0.0 0.0 0.0 0.0 0.0 0.0 
coppia 7 7
1037.0 205.0 155.0 96.0 78.0 40.0 27.0 21.0 15.0 9.0 6.0 2.0 0.0 0.0 0.0 0.0 0.0 0.0 0.0 0.0 
coppia 7 8
115.0 120.0 186.0 164.0 171.0 147.0 140.0 108.0 86.0 52.0 57.0 35.0 25.0 11.0 0.0 4.0 0.0 0.0 0.0 0.0 
coppia 7 9
101.0 299.0 276.0 270.0 218.0 181.0 190.0 156.0 128.0 123.0 94.0 85.0 62.0 54.0 13.0 7.0 13.0 1.0 0.0 0.0 
coppia 7 10
4.0 13.0 1.0 0.0 2.0 0.0 0.0 8.0 19.0 10.0 5.0 18.0 6.0 0.0 16.0 3.0 13.0 0.0 5.0 0.0 
coppia 8 1
0.0 10.0 0.0 26.0 27.0 11.0 33.0 16.0 0.0 0.0 33.0 4.0 27.0 10.0 21.0 10.0 0.0 0.0 28.0 4.0 
coppia 8 2
0.0 0.0 0.0 0.0 0.0 5.0 0.0 0.0 11.0 0.0 0.0 7.0 0.0 0.0 0.0 4.0 0.0 4.0 0.0 0.0 
coppia 8 3
70.0 36.0 23.0 0.0 0.0 0.0 0.0 0.0 0.0 0.0 0.0 6.0 4.0 4.0 6.0 1.0 3.0 0.0 0.0 2.0 
coppia 8 4
760.0 676.0 575.0 494.0 337.0 334.0 291.0 231.0 139.0 103.0 68.0 54.0 41.0 9.0 43.0 0.0 35.0 0.0 28.0 13.0 
coppia 8 5
114.0 0.0 0.0 0.0 0.0 0.0 0.0 0.0 0.0 0.0 0.0 3.0 0.0 0.0 0.0 0.0 9.0 0.0 3.0 0.0 
coppia 8 6
156.0 0.0 0.0 0.0 0.0 0.0 0.0 0.0 0.0 0.0 0.0 0.0 0.0 0.0 0.0 0.0 0.0 0.0 16.0 52.0 
coppia 8 7
135.0 33.0 10.0 0.0 0.0 0.0 0.0 0.0 0.0 0.0 4.0 0.0 0.0 0.0 3.0 2.0 6.0 0.0 14.0 11.0 
coppia 8 8
23607.0 4649.0 3761.0 2771.0 2108.0 1278.0 703.0 308.0 0.0 0.0 0.0 0.0 0.0 0.0 0.0 0.0 0.0 0.0 0.0 0.0 
coppia 8 9
205.0 183.0 107.0 90.0 94.0 35.0 32.0 66.0 44.0 13.0 14.0 41.0 24.0 8.0 13.0 0.0 0.0 0.0 0.0 23.0 
coppia 8 10
37.0 13.0 0.0 11.0 41.0 46.0 68.0 68.0 0.0 47.0 42.0 0.0 0.0 0.0 13.0 0.0 0.0 21.0 0.0 17.0 
coppia 9 1
0.0 11.0 19.0 24.0 11.0 2.0 6.0 3.0 17.0 0.0 15.0 3.0 39.0 0.0 20.0 15.0 0.0 11.0 12.0 5.0 
coppia 9 2
0.0 0.0 5.0 0.0 11.0 9.0 3.0 0.0 0.0 0.0 0.0 0.0 6.0 22.0 0.0 0.0 0.0 0.0 0.0 13.0 
coppia 9 3
4.0 11.0 0.0 14.0 9.0 7.0 5.0 4.0 0.0 0.0 0.0 10.0 0.0 0.0 6.0 0.0 2.0 0.0 10.0 0.0 
coppia 9 4
308.0 295.0 257.0 230.0 135.0 177.0 135.0 137.0 102.0 47.0 61.0 31.0 19.0 14.0 26.0 6.0 11.0 0.0 11.0 0.0 
coppia 9 5
40.0 26.0 14.0 0.0 4.0 9.0 6.0 2.0 7.0 0.0 0.0 0.0 2.0 0.0 0.0 7.0 0.0 0.0 0.0 1.0 
coppia 9 6
75.0 62.0 46.0 12.0 6.0 15.0 8.0 0.0 3.0 0.0 0.0 0.0 0.0 0.0 0.0 19.0 0.0 9.0 0.0 33.0 
coppia 9 7
126.0 77.0 51.0 39.0 26.0 28.0 19.0 20.0 6.0 2.0 12.0 0.0 7.0 0.0 0.0 0.0 2.0 0.0 0.0 0.0 
coppia 9 8
193.0 170.0 186.0 169.0 148.0 92.0 92.0 78.0 48.0 67.0 52.0 32.0 15.0 63.0 19.0 5.0 0.0 0.0 0.0 0.0 
coppia 9 9
11281.0 665.0 534.0 389.0 347.0 255.0 214.0 199.0 151.0 156.0 137.0 68.0 57.0 52.0 32.0 0.0 2.0 0.0 0.0 0.0 
coppia 9 10
60.0 0.0 34.0 11.0 3.0 0.0 3.0 39.0 45.0 14.0 5.0 0.0 29.0 0.0 0.0 0.0 0.0 0.0 0.0 0.0 
coppia 10 1
6.0 0.0 35.0 0.0 0.0 9.0 15.0 27.0 4.0 10.0 0.0 0.0 0.0 30.0 7.0 7.0 15.0 8.0 26.0 15.0 
coppia 10 2
0.0 0.0 5.0 0.0 0.0 0.0 0.0 8.0 15.0 15.0 0.0 4.0 0.0 0.0 0.0 10.0 15.0 12.0 14.0 7.0 
coppia 10 3
0.0 0.0 0.0 0.0 7.0 0.0 0.0 0.0 0.0 8.0 2.0 4.0 7.0 2.0 4.0 7.0 0.0 11.0 6.0 5.0 
coppia 10 4
25.0 27.0 0.0 6.0 4.0 11.0 1.0 13.0 38.0 15.0 32.0 0.0 7.0 17.0 0.0 33.0 0.0 3.0 13.0 25.0 
coppia 10 5
6.0 19.0 27.0 0.0 0.0 0.0 0.0 1.0 1.0 7.0 5.0 2.0 0.0 0.0 8.0 10.0 0.0 0.0 0.0 2.0 
coppia 10 6
28.0 0.0 23.0 31.0 27.0 0.0 0.0 0.0 19.0 19.0 7.0 10.0 4.0 0.0 0.0 0.0 0.0 9.0 10.0 9.0 
coppia 10 7
1.0 3.0 0.0 0.0 4.0 0.0 0.0 0.0 0.0 0.0 0.0 3.0 0.0 7.0 7.0 7.0 0.0 2.0 13.0 7.0 
coppia 10 8
28.0 74.0 7.0 57.0 24.0 0.0 0.0 0.0 8.0 0.0 31.0 35.0 14.0 0.0 38.0 60.0 0.0 0.0 0.0 36.0 
coppia 10 9
0.0 1535.0 1279.0 1047.0 819.0 638.0 504.0 319.0 327.0 223.0 190.0 122.0 99.0 74.0 63.0 47.0 5.0 0.0 0.0 0.0 
coppia 10 10
15670.0 18.0 38.0 37.0 3.0 20.0 58.0 0.0 0.0 0.0 61.0 0.0 9.0 36.0 0.0 0.0 43.0 68.0 19.0 0.0 
