382 0 0 0 0 0 0 0 0 0 0 0 2 5 22 2 20 12 25 0 25 0 11 15 0 16 6 7 13 5 15 9 0 16 0 13 45 23 15 20 26 17 7 0 17 0 5 0 12 29 32 9 35 13 0 0 0 7 21 17 0 36 34 43 5 20 3 17 21 0 18 0 5 0 18 17 39 23 28 0 16 7 12 31 11 25 16 15 7 22 34 0 0 0 0 0 8 0 24 1 0
426 15 6 26 1 63 5 0 39 0 31 22 13 33 27 0 0 17 0 0 6 33 42 0 0 16 3 0 3 0 0 0 0 6 29 2 0 30 19 24 4 9 0 0 10 4 0 0 0 0 0 0 19 14 28 0 0 7 11 7 0 0 7 0 0 22 11 28 0 12 15 7 0 48 0 15 29 18 0 12 0 9 0 30 4 18 2 0 23 31 14 0 0 0 11 21 6 0 24 0 0
187 0 3 4 7 0 0 2 0 0 0 0 0 0 0 3 0 0 3 0 0 0 12 18 0 19 0 10 9 41 5 3 23 11 3 2 8 10 19 1 11 0 40 14 13 0 0 0 8 0 0 28 26 6 11 0 23 11 0 0 0 20 0 17 14 0 0 18 2 12 0 7 0 16 0 5 0 10 6 5 0 0 14 18 0 12 3 30 0 7 0 0 11 17 0 28 0 0 0 8 0
389 0 6 11 0 11 0 0 0 0 0 0 0 8 4 0 5 0 24 1 33 28 0 0 16 0 0 32 0 0 38 15 7 0 0 0 1 12 0 3 0 23 0 14 38 11 0 0 32 15 0 0 0 0 0 20 34 23 19 0 12 0 13 0 24 0 7 9 29 0 0 12 9 0 23 4 68 4 13 3 32 0 30 16 2 10 0 20 24 0 37 8 0 3 0 17 35 8 0 2 0
1041 507 284 57 0 0 0 0 0 0 0 0 0 0 0 39 37 33 50 0 2 0 8 0 3 0 0 0 1 0 2 8 36 16 3 0 13 39 11 12 1 6 6 27 0 0 0 7 0 16 2 0 0 2 0 5 0 0 14 0 10 24 12 4 22 0 20 22 4 4 1 0 0 11 0 0 0 34 13 0 35 0 3 39 0 20 49 40 0 3 47 3 5 0 0 0 0 25 0 10 0
1472 185 62 0 0 0 0 0 0 0 0 0 0 0 6 31 30 17 0 24 1 41 0 12 38 19 0 21 18 16 30 14 0 52 1 22 0 16 20 56 0 24 38 25 0 4 18 21 0 0 10 6 0 18 25 34 3 8 15 9 25 0 27 20 9 13 13 11 1 9 0 0 0 0 5 2 12 31 12 22 20 5 0 0 7 11 63 6 20 0 0 10 2 0 0 0 6 21 5 0 0
235 0 0 0 5 0 0 0 0 0 2 0 0 0 0 0 5 24 0 0 9 0 37 14 9 0 0 5 3 20 7 12 12 0 0 32 0 0 13 0 0 43 0 17 0 18 12 25 0 0 13 16 8 10 0 11 0 13 48 0 16 20 0 0 0 0 27 13 11 13 13 0 0 0 0 25 0 5 36 28 5 26 13 1 1 24 10 0 0 0 28 61 0 0 28 0 9 13 26 9 0
483 74 0 0 0 0 0 0 0 0 0 0 0 17 46 22 22 39 0 8 26 21 16 0 0 7 8 3 10 27 32 34 40 23 0 27 29 15 21 0 17 25 10 15 0 47 0 17 0 0 27 0 24 0 12 3 0 25 7 6 32 40 0 9 0 8 13 31 0 33 0 0 0 17 5 34 0 16 20 10 21 23 0 0 35 44 1 18 8 15 29 0 5 1 14 0 26 14 0 28 0
248 133 91 1 0 0 0 0 0 0 0 0 0 0 2 20 25 4 16 2 0 9 0 17 1 5 0 0 0 0 0 12 15 25 10 0 9 27 3 17 12 15 0 8 4 11 4 9 10 8 0 4 0 7 0 11 4 4 24 0 10 5 24 4 13 0 25 5 9 3 24 4 0 6 0 0 24 8 2 11 6 13 23 0 13 0 22 17 23 0 22 0 5 0 0 20 0 0 12 19 0
187 584 382 302 96 33 0 0 0 0 0 0 0 0 0 0 0 0 0 4 0 4 0 0 0 0 0 0 0 0 0 0 0 0 0 15 0 3 2 0 0 3 3 0 0 0 0 0 0 0 0 0 0 0 0 0 0 0 5 0 0 0 6 10 11 0 0 0 0 0 2 0 9 0 2 0 0 0 0 0 0 4 6 0 0 0 0 0 0 10 7 0 0 9 0 0 0 0 0 6 0
308 176 138 92 23 0 0 0 0 0 0 0 0 0 0 13 26 18 29 15 30 0 28 9 13 0 20 3 0 0 1 1 23 39 10 24 24 3 1 12 12 31 0 0 0 8 11 19 5 0 4 0 0 0 0 6 3 0 1 0 8 12 0 21 3 0 4 9 7 0 12 22 3 0 10 0 14 0 0 17 0 29 19 0 3 0 15 0 32 0 22 2 0 26 0 48 0 0 7 0 0
246 134 88 0 0 0 0 0 0 0 0 0 0 0 0 0 16 0 25 21 0 12 19 0 0 0 0 0 0 0 1 10 36 5 25 10 4 10 4 10 0 19 0 7 0 23 13 10 10 0 15 0 0 0 0 3 0 0 15 12 0 6 18 5 0 0 4 24 0 0 24 5 0 12 0 0 10 18 3 12 5 0 20 0 0 18 0 29 25 11 18 0 26 4 15 4 3 0 0 6 0
1410 775 208 0 0 0 0 0 0 0 0 0 0 0 0 0 0 0 0 0 0 0 0 0 0 4 0 9 0 8 0 44 19 29 9 23 20 37 8 32 22 0 23 20 17 10 0 9 0 12 0 0 9 0 12 22 0 0 15 8 0 20 16 11 8 0 8 13 0 18 21 0 0 17 0 1 25 8 14 18 0 12 23 0 0 15 4 43 35 7 0 0 18 6 0 0 0 6 0 26 0
54 0 46 72 66 35 0 0 0 0 0 0 0 0 0 0 4 2 10 37 0 18 7 0 5 7 18 5 10 9 0 2 0 9 6 26 0 13 12 10 0 17 24 7 6 1 7 19 10 6 2 0 0 7 0 0 0 0 1 21 0 6 1 0 10 12 0 5 0 13 0 3 2 22 0 12 0 0 9 0 0 15 11 4 19 0 0 14 0 17 15 16 0 0 2 8 37 0 19 0 0
5365 198 13 0 0 0 0 0 0 0 0 0 0 0 0 0 0 2 8 0 10 2 11 0 4 32 3 5 13 28 9 17 0 18 5 2 12 23 1 20 0 28 21 13 1 8 0 15 0 17 9 0 0 21 0 10 0 19 18 14 11 14 0 33 15 10 9 0 0 11 3 11 0 0 6 2 11 15 11 10 14 12 9 12 18 11 4 18 6 10 10 6 0 4 10 0 0 3 12 6 0
953 1242 379 239 95 0 0 0 0 0 0 0 0 0 0 0 3 11 15 0 22 0 0 0 0 0 0 0 0 0 0 0 0 0 0 0 0 11 0 0 0 0 0 0 0 0 0 0 0 0 0 0 0 0 0 0 0 11 0 0 0 0 0 0 0 0 0 0 0 0 0 0 0 0 0 0 0 0 0 0 0 0 9 0 0 0 0 0 0 0 0 0 0 3 0 0 0 0 0 0 0
