375 0 0 0 0 0 0 0 0 64 58 96 30 57 82 46 51 8 30 45 0 22 0 46 0 0 36 0 22 0 40 0 38 0 0 3 12 15 23 0 31 6 0 9 18 9 0 19 22 10 31 34 0 14 9 9 0 11 0 0 3 15 1 0 0 0 17 0 27 11 12 0 15 23 2 17 0 9 9 0 0 21 3 17 22 0 0 14 0 11 17 13 13 12 25 0 0 0 10 0 0
798 9 0 17 13 27 32 5 26 0 40 41 26 0 47 0 5 0 39 41 24 26 3 0 0 22 0 47 0 0 14 9 38 15 0 0 17 69 2 0 0 5 1 1 0 6 0 58 0 70 18 15 20 12 31 0 10 54 0 6 0 18 0 0 40 33 0 1 0 24 10 8 19 76 3 0 0 0 29 0 25 0 0 50 0 0 5 0 26 22 0 0 0 0 30 4 5 0 0 0 0
306 11 0 0 3 8 29 25 0 0 0 3 39 0 4 0 0 16 11 1 0 37 0 17 13 18 13 0 21 13 5 0 0 9 0 0 29 0 0 8 0 15 9 19 8 0 0 0 10 0 32 3 11 15 8 0 0 0 0 6 2 0 0 15 1 25 0 0 0 23 0 0 2 6 0 27 9 12 12 0 59 0 8 27 9 5 12 0 28 11 0 0 30 18 0 14 14 0 14 20 0
753 0 0 29 0 0 0 0 0 0 0 0 20 53 0 21 0 37 0 56 9 36 33 0 0 0 31 30 0 31 8 18 1 0 15 20 0 0 9 12 42 10 0 57 6 0 45 13 31 25 0 0 3 28 14 31 35 10 20 16 31 9 0 56 0 0 37 6 0 22 6 4 21 10 22 43 1 50 32 0 27 0 0 28 28 25 14 0 6 0 0 0 0 15 0 15 19 1 0 2 0
1180 286 0 0 0 0 0 0 0 0 0 0 2 46 48 125 97 58 86 28 20 2 31 17 40 12 32 4 15 0 2 60 57 16 33 34 77 0 48 6 0 56 48 46 34 35 4 48 0 67 14 62 29 0 62 26 21 40 40 0 59 24 25 20 46 18 36 39 39 0 34 29 0 16 15 48 46 0 8 45 50 21 41 49 54 17 33 23 0 28 36 40 51 17 48 59 29 0 30 10 0
862 156 68 0 0 0 0 0 0 0 0 49 52 49 65 39 42 66 63 7 82 30 66 33 32 0 0 34 0 12 11 39 0 25 4 0 11 6 27 22 11 19 24 25 0 37 0 43 0 5 41 1 16 0 8 5 14 0 12 0 32 0 0 0 10 1 24 0 0 10 0 31 20 0 19 21 6 8 0 0 7 0 0 39 0 13 0 12 0 0 6 36 0 10 7 42 0 30 31 22 0
447 0 0 0 0 0 0 0 0 0 0 0 0 0 4 36 45 13 27 18 25 20 38 36 18 0 0 0 6 38 7 5 24 44 0 5 50 8 0 0 0 64 2 3 0 52 0 15 52 12 10 23 17 0 16 6 0 45 32 5 17 24 1 0 19 14 24 0 37 0 21 21 6 0 8 7 53 3 31 20 28 19 3 27 15 0 59 0 0 2 19 0 0 4 0 0 10 36 35 0 0
587 0 0 0 0 0 0 0 0 0 0 0 45 54 68 52 73 73 42 33 21 32 55 26 22 47 22 13 49 38 82 56 22 50 51 44 43 10 36 0 69 27 33 78 34 27 73 6 51 27 28 34 54 46 27 10 50 51 67 46 45 34 58 31 43 40 43 48 23 37 30 30 26 16 47 54 70 40 30 64 47 31 80 1 20 52 71 16 25 74 48 50 55 29 35 0 58 67 3 105 0
615 195 1 0 0 0 0 0 0 0 0 0 0 0 2 28 29 18 12 17 0 0 10 0 22 0 5 0 3 5 0 25 21 32 14 17 48 22 26 34 6 0 40 33 5 42 35 27 0 32 23 18 14 38 29 17 46 32 47 44 15 32 23 24 30 3 40 41 23 56 15 12 5 50 0 29 19 31 26 29 51 18 43 41 5 41 21 46 11 12 34 23 35 22 29 13 0 28 53 3 0
783 1590 363 0 0 0 0 0 0 0 0 0 0 0 0 0 0 0 0 0 0 0 0 0 0 0 0 0 7 0 0 0 0 0 1 0 0 0 0 12 17 0 20 32 0 0 22 18 15 0 10 0 14 22 18 35 10 17 18 9 10 8 15 45 21 6 5 19 0 36 14 0 7 7 26 4 11 14 18 0 21 27 25 12 0 22 14 0 26 0 24 1 44 17 0 34 8 18 8 14 0
1072 399 143 0 0 0 0 0 0 0 0 0 0 0 0 11 9 19 34 41 42 2 0 0 27 6 0 10 1 0 15 54 39 40 40 47 59 39 26 35 41 46 29 20 48 49 48 34 0 40 16 27 37 34 20 39 33 51 57 29 43 21 22 47 27 0 51 34 6 41 35 24 31 31 0 12 26 11 5 47 56 25 38 48 0 59 10 27 35 9 22 35 50 29 25 46 50 13 6 35 0
611 191 0 0 0 0 0 0 0 0 0 0 0 0 5 24 29 14 30 34 2 3 0 13 0 0 0 0 0 12 0 12 41 16 40 20 46 3 26 36 0 31 30 25 21 40 6 45 11 4 38 21 20 34 32 23 33 24 46 36 0 24 28 47 12 20 43 34 33 6 49 28 1 24 0 27 36 24 19 44 43 0 53 29 21 40 21 55 25 22 26 39 49 0 41 38 15 0 42 28 0
2536 0 0 0 0 0 0 0 0 0 0 0 0 0 0 0 0 3 0 24 0 56 1 47 32 69 42 35 35 67 24 45 60 87 59 81 54 62 70 62 70 50 66 67 59 79 61 65 35 40 40 89 37 70 72 26 33 71 53 39 62 96 67 34 58 52 53 77 40 62 45 50 60 60 58 22 76 55 65 82 79 47 43 67 71 34 68 74 52 45 35 73 69 77 64 46 50 49 48 57 0
447 427 282 210 85 0 0 0 0 0 0 0 0 0 0 0 0 0 15 0 16 2 0 0 0 8 0 0 0 0 0 0 9 0 25 1 11 33 5 17 20 15 15 15 1 30 14 28 16 0 0 0 3 7 27 6 0 22 27 44 25 16 32 3 0 18 12 17 9 4 8 10 22 16 0 14 6 13 0 23 20 7 21 24 1 17 17 0 23 13 19 16 0 20 15 10 19 9 31 0 0
1452 0 0 0 0 0 0 0 0 0 0 0 0 7 0 4 9 14 20 18 32 19 31 19 28 22 31 0 26 40 0 9 11 16 20 39 4 27 24 40 0 47 35 34 10 19 10 24 18 16 14 28 13 32 0 11 36 30 3 31 14 21 41 15 12 8 0 0 25 13 20 10 18 10 20 23 49 14 34 30 21 23 13 0 42 23 14 2 16 7 17 0 42 27 19 29 28 2 20 44 0
10085 180 390 252 91 0 0 0 0 0 13 25 40 110 61 75 44 59 44 50 37 25 18 19 4 38 10 9 0 0 0 0 0 1 0 0 0 0 0 0 5 0 11 0 5 1 0 0 0 0 0 17 4 0 0 0 0 4 0 0 0 0 0 0 0 0 0 0 24 0 1 0 0 7 11 0 0 0 0 0 0 0 13 0 0 0 3 0 0 0 0 0 0 0 0 0 24 0 0 0 0
