14 3 0 0 0 3 3 0 0 0 1 0 0 2 0 6 7 3 2 9 0 0 6 7 6 0 0 0 8 2 0 3 0 0 0 0 3 0 1 0 0 5 4 11 0 0 1 3 6 1 0 1 0 0 11 0 3 2 8 0 0 1 0 1 0 3 1 0 1 2 0 0 0 3 0 0 0 0 4 0 0 0 0 4 6 0 1 0 0 0 0 0 0 14 2 2 2 0 1 0 0
50 8 0 0 0 0 0 0 0 0 0 0 0 0 0 0 0 1 1 0 0 0 0 0 6 3 0 2 1 6 3 8 2 0 1 3 0 0 3 1 0 0 0 0 1 0 1 3 3 4 4 1 5 6 0 4 0 3 1 0 4 0 4 0 0 1 4 1 0 2 0 4 1 0 1 0 2 0 0 0 0 0 2 0 0 2 0 4 0 9 3 0 0 0 0 2 3 1 0 2 0
187 98 58 32 20 7 0 0 0 0 0 0 0 0 0 0 0 0 0 0 0 0 0 0 0 2 0 0 0 0 1 0 0 0 3 0 0 4 0 0 0 0 0 0 0 0 0 0 0 0 1 0 1 3 4 0 0 0 0 0 0 0 0 2 0 0 0 0 0 0 0 0 0 0 0 0 0 2 0 0 0 0 0 0 0 0 0 0 0 0 0 0 1 2 0 0 0 0 0 0 0
579 479 433 385 355 299 223 196 165 120 91 66 39 25 11 4 0 0 0 0 0 0 0 0 0 0 0 0 0 0 0 0 0 0 0 0 0 0 0 0 0 0 0 0 0 0 0 0 0 0 0 0 0 0 0 0 0 0 0 0 0 0 0 0 0 0 0 0 0 0 0 0 0 0 0 0 0 0 0 0 0 0 0 0 0 0 0 0 0 0 0 0 0 0 0 0 0 0 0 0 0
1365 192 113 50 10 8 0 0 0 0 0 0 0 0 0 0 0 0 0 0 0 0 0 0 0 0 0 0 0 0 4 0 0 0 0 0 0 0 0 0 0 0 0 0 0 0 0 0 0 0 0 0 0 0 0 0 0 0 0 0 0 0 0 1 0 0 0 0 0 0 0 0 2 0 0 0 0 0 0 0 0 0 0 0 0 0 0 0 0 0 0 1 0 0 0 0 0 0 0 0 0
126 351 292 241 137 59 18 0 0 0 0 0 0 0 0 0 0 0 0 0 0 0 0 0 0 0 0 0 0 0 0 0 0 0 0 0 0 1 0 0 0 3 5 0 0 0 0 0 0 0 0 0 5 5 0 14 0 0 0 0 0 0 0 0 0 4 0 0 0 0 9 8 7 0 0 0 0 0 0 0 0 0 0 0 0 0 0 2 0 0 0 0 4 0 0 0 0 0 0 1 0
120 132 108 80 57 34 17 4 6 0 0 0 0 0 0 0 0 0 0 0 0 0 0 0 0 0 0 0 0 0 0 0 0 0 0 0 0 0 0 0 0 0 2 0 0 0 0 0 0 0 0 0 0 0 0 0 1 0 0 0 0 0 0 0 0 0 0 0 0 0 0 0 0 0 0 0 0 0 0 0 0 0 0 0 0 0 0 0 0 0 0 0 0 0 0 0 0 0 0 0 0
221 476 475 533 522 500 432 358 327 221 162 136 89 54 43 0 0 0 0 0 0 0 0 0 0 0 0 0 0 0 0 0 0 0 0 0 0 0 0 0 0 0 0 0 0 0 0 0 0 0 0 0 0 0 0 0 0 0 0 0 0 0 0 0 0 0 0 0 0 0 0 0 0 0 0 0 0 0 0 0 0 0 0 0 0 0 0 0 0 0 0 0 0 0 0 0 0 0 0 0 0
92 57 94 102 80 76 59 65 50 27 30 27 25 31 14 11 19 0 0 0 0 0 0 0 0 0 0 0 4 4 0 0 0 0 0 0 1 0 0 0 0 0 3 0 5 3 0 0 0 1 0 0 0 0 2 0 2 5 0 0 0 0 0 0 0 0 0 0 0 0 0 0 1 0 0 0 0 0 0 0 2 0 0 0 0 0 0 0 0 0 0 0 0 0 0 0 0 0 0 0 0
82 10 0 0 0 0 4 0 5 24 13 6 0 11 0 10 11 0 8 4 2 0 1 7 0 0 2 13 16 0 0 3 4 0 0 2 10 12 19 3 5 5 16 29 0 2 15 2 0 0 1 18 17 5 1 5 1 0 2 1 2 0 0 2 0 0 0 0 4 8 7 0 0 0 0 3 12 0 0 11 7 0 0 0 0 0 0 0 0 7 2 0 0 1 0 4 0 0 0 0 0
