147 128 133 150 139 140 123 141 147 154 166 153 165 158 141 157 159 155 147 174 148 162 141 143 144 145 165 159 150 142 150 146 164 159 156 149 156 171 149 150 142 145 179 152 146 155 155 152 164 154 158 171 170 152 157 137 160 143 174 156 156 169 150 160 166 150 148 159 160 146 156 153 146 153 153 151 151 163 133 174 156 155 157 147 143 157 167 157 127 125 135 140 144 139 135 150 169 157 132 151
405 39 32 20 28 33 28 23 30 39 26 30 46 43 44 38 45 44 46 53 52 47 54 54 61 58 65 74 77 81 66 78 70 66 80 64 68 78 62 70 68 59 64 61 52 65 62 57 67 73 64 66 78 72 62 68 68 54 74 66 64 55 74 62 64 58 66 63 71 61 63 73 61 60 58 63 66 60 68 50 68 75 68 56 62 62 64 59 63 56 56 51 60 56 61 54 60 48 51 67
445 232 104 56 31 16 18 15 18 14 14 12 20 20 17 16 20 14 23 20 25 25 34 31 26 26 33 42 39 53 48 32 44 45 41 39 38 29 54 38 34 55 46 43 43 38 42 41 36 34 41 38 31 38 42 40 33 34 37 25 48 33 31 33 41 37 29 25 37 30 34 29 35 34 37 36 23 33 27 38 28 26 33 35 30 29 26 29 30 35 38 36 28 33 35 26 28 25 26 25
10723 2824 2569 2180 1930 1666 1443 1203 1057 936 790 737 664 587 544 469 462 440 425 402 383 400 407 370 341 351 332 369 372 386 378 394 394 392 396 401 397 429 388 396 410 411 402 413 450 450 382 431 412 420 411 405 407 432 415 441 426 384 429 445 421 423 415 381 429 422 393 392 390 399 365 382 391 402 389 388 352 382 408 361 377 387 393 387 363 371 374 406 370 381 379 339 376 369 359 363 344 364 374 348
579 541 399 270 161 121 99 65 52 51 38 39 49 31 29 30 39 26 30 26 35 38 32 39 42 33 50 39 58 51 60 59 55 59 53 55 55 44 62 49 65 53 63 51 49 46 44 43 42 44 51 53 47 52 56 46 56 64 55 52 54 42 47 59 55 44 60 48 62 47 41 43 49 48 41 40 37 53 42 52 48 41 46 62 46 43 53 46 47 55 51 56 39 35 47 40 49 44 39 46
614 608 596 513 493 416 341 347 282 261 269 251 231 248 243 258 268 256 274 270 291 297 306 314 333 276 328 312 334 321 352 329 323 306 299 292 316 318 328 322 319 321 346 381 332 333 338 329 331 343 343 343 317 339 297 322 312 311 328 323 343 316 332 329 315 329 312 317 325 319 337 317 330 324 322 319 319 303 294 308 320 296 360 316 320 327 332 338 306 352 329 346 303 329 326 321 320 341 326 337
561 582 462 363 262 203 152 125 90 67 47 46 37 34 24 29 23 26 23 24 17 27 23 32 33 33 29 28 35 34 41 50 42 43 53 46 41 45 39 44 47 43 40 46 52 44 46 62 55 40 42 42 43 41 34 44 43 44 38 42 40 40 35 42 37 44 45 48 31 39 46 38 44 33 28 34 33 40 38 30 43 39 34 32 38 41 39 43 33 40 40 43 51 36 36 39 38 22 28 22
1716 1838 1942 1954 1888 1810 1780 1631 1523 1386 1273 1213 1139 1067 1006 967 927 893 882 822 851 834 839 854 930 891 839 902 927 920 927 916 926 926 956 881 865 945 916 907 911 936 899 959 974 987 969 1005 988 981 977 985 952 930 958 984 907 934 923 921 939 943 932 956 926 965 1010 971 936 973 948 979 992 971 941 956 939 952 941 932 898 947 908 943 912 975 958 955 937 932 974 967 974 951 936 962 929 941 973 925
737 852 872 919 855 829 772 747 749 690 668 636 583 576 569 512 479 453 447 431 433 424 418 406 407 410 448 414 413 423 433 467 437 415 454 455 449 458 454 449 435 460 453 441 420 437 431 469 450 456 444 441 447 429 409 462 444 421 414 386 416 425 414 423 404 408 418 426 417 413 429 448 426 420 438 417 438 388 410 415 393 413 430 412 410 393 401 415 433 406 421 434 450 427 456 431 437 386 414 435
612 630 622 596 564 588 541 630 601 612 638 601 619 604 588 584 606 569 594 563 570 573 638 574 568 594 587 582 584 594 585 613 587 604 627 627 619 587 583 584 600 590 581 625 627 640 618 607 611 632 621 594 604 616 588 574 580 595 611 579 544 623 616 558 572 597 587 593 580 597 586 588 579 572 578 574 554 572 560 557 589 582 602 549 559 573 557 544 569 554 571 598 601 577 594 603 594 565 573 630
