236 209 265 217 226 239 245 257 234 240 220 226 218 260 237 237 245 238 256 245 260 228 241 234 232 244 241 220 232 231 240 242 254 233 227 234 230 224 237 229 226 213 242 244 237 236 222 245 231 211 230 203 223 220 233 230 232 239 248 218 233 223 210 245 243 249 223 218 226 251 219 214 240 244 227 248 228 222 221 254 246 227 232 236 211 232 201 217 231 253 240 245 219 239 226 227 219 219 236 236
92 83 101 90 95 88 95 104 111 111 84 100 90 95 93 106 111 108 110 103 104 105 101 108 97 94 85 90 111 95 103 102 105 112 95 112 101 86 91 87 97 90 95 105 116 100 81 103 93 99 100 98 86 93 86 95 82 94 103 93 103 104 91 105 97 87 90 101 95 97 93 85 105 106 101 97 89 103 110 101 97 90 118 98 99 82 106 83 108 100 100 94 109 90 98 104 104 100 94 92
50 48 49 46 58 39 50 50 50 59 53 55 58 53 55 58 50 62 57 56 59 68 61 62 52 50 52 37 46 61 63 52 60 57 54 52 62 51 56 43 44 43 50 53 67 62 54 49 48 48 56 58 49 51 34 53 41 37 54 41 50 57 53 48 54 52 50 48 45 48 45 52 50 53 39 50 49 42 53 59 50 61 40 61 56 60 40 58 54 53 67 50 49 58 55 51 53 58 59 55
612 614 566 593 591 598 588 600 625 602 619 578 594 604 572 620 585 590 600 612 618 628 603 625 666 602 585 588 622 591 597 644 601 627 593 587 593 614 615 626 587 623 595 588 578 618 578 603 606 579 614 609 604 557 564 591 585 571 559 573 588 603 583 558 550 570 616 572 571 560 598 609 543 562 588 588 577 597 544 579 553 594 574 571 618 581 601 545 572 608 568 627 598 580 548 575 600 621 647 622
82 95 103 74 71 76 76 77 77 83 81 78 73 62 84 86 72 76 76 78 78 89 81 75 72 89 81 69 62 90 71 80 68 81 91 71 74 82 85 75 84 80 88 65 68 76 89 70 73 79 74 89 72 69 65 76 75 72 71 66 81 64 86 77 73 72 77 71 60 80 63 67 86 74 72 87 102 77 70 89 87 83 77 76 72 79 79 78 69 71 61 99 83 70 81 81 76 75 73 69
515 444 510 518 514 474 484 456 506 506 494 497 491 476 467 477 463 496 497 496 494 471 480 479 532 506 445 535 484 486 462 467 483 493 502 494 463 522 525 506 472 492 505 550 472 531 503 479 496 463 511 456 513 481 511 484 500 511 493 459 494 486 521 525 521 482 507 499 528 494 477 447 495 519 491 484 505 526 490 502 496 514 493 498 453 479 491 457 490 494 480 469 484 501 501 498 504 498 461 489
59 61 46 53 62 55 57 46 51 58 56 61 57 65 65 65 56 60 71 65 68 61 74 63 61 64 74 59 54 59 59 64 64 63 63 77 58 68 49 62 48 64 58 59 58 57 65 53 65 56 55 51 51 61 63 59 50 57 53 54 52 60 46 58 54 59 47 59 57 58 54 53 57 55 51 49 64 55 47 49 65 56 66 53 57 46 65 47 66 78 63 74 62 54 64 69 69 57 64 62
1450 1496 1429 1479 1446 1415 1392 1413 1430 1409 1453 1457 1436 1417 1460 1482 1393 1417 1421 1458 1447 1442 1389 1439 1392 1451 1396 1422 1458 1435 1439 1396 1388 1396 1442 1402 1394 1415 1462 1451 1409 1411 1481 1494 1474 1488 1437 1509 1434 1438 1516 1465 1402 1464 1430 1415 1504 1359 1416 1519 1439 1375 1419 1399 1479 1505 1485 1421 1452 1450 1514 1404 1388 1377 1429 1483 1447 1470 1488 1456 1504 1506 1496 1394 1452 1426 1405 1402 1404 1435 1402 1381 1364 1470 1424 1397 1427 1457 1391 1432
705 2268 2012 1780 1552 1371 1237 1052 1060 956 923 855 832 807 796 780 738 685 698 725 670 656 652 669 640 681 687 643 684 670 670 694 678 669 677 646 664 686 646 672 687 650 659 708 634 665 628 650 630 649 633 672 645 639 647 678 628 613 632 647 658 620 667 631 644 638 670 659 665 636 666 644 623 680 687 657 611 643 619 683 638 653 640 652 631 645 612 655 651 610 678 665 639 638 654 637 627 673 672 605
16576 924 944 943 909 926 964 906 885 884 967 871 915 942 903 898 949 974 925 895 930 880 913 936 980 910 942 952 943 875 898 931 856 937 895 875 883 981 913 923 927 919 921 906 903 916 893 933 922 880 869 905 953 867 890 893 880 923 935 899 941 861 969 918 919 946 908 932 879 862 967 909 898 922 908 902 928 958 910 924 938 905 862 909 886 958 911 900 948 936 964 919 885 973 941 928 901 884 879 855
